0  1.790390
1  1.584512
2  1.473806
3  1.376843
4  1.265828
5  1.150694
6  1.051340
7  0.965908
8  0.748649
9  0.585128
10  0.529218
11  0.495157
12  0.468723
13  0.448606
14  0.431292
15  0.415637
16  0.402404
17  0.391642
18  0.383020
19  0.375236
20  0.367777
21  0.361216
22  0.355510
23  0.350161
24  0.344748
25  0.340200
26  0.336004
27  0.332153
28  0.328747
29  0.325214
30  0.321542
31  0.318503
32  0.315860
33  0.313576
34  0.311695
35  0.309805
36  0.308022
37  0.306243
38  0.304622
39  0.303120
40  0.301729
41  0.300403
42  0.299310
43  0.298166
44  0.297007
45  0.295937
46  0.294830
47  0.293778
48  0.292858
49  0.291850
50  0.291058
51  0.290135
52  0.289315
53  0.288605
54  0.287921
55  0.287195
56  0.286536
57  0.286070
58  0.285522
59  0.284910
60  0.284365
61  0.283725
62  0.283125
63  0.282635
64  0.282074
65  0.281573
66  0.281059
67  0.280542
68  0.280026
69  0.279563
70  0.279093
71  0.278628
72  0.278169
73  0.277687
74  0.277223
75  0.276748
76  0.276280
77  0.275836
78  0.275447
79  0.275026
80  0.274590
81  0.274204
82  0.273823
83  0.273410
84  0.273013
85  0.272660
86  0.272237
87  0.271851
88  0.271465
89  0.271024
90  0.270663
91  0.270221
92  0.269843
93  0.269461
94  0.269104
95  0.268734
96  0.268352
97  0.267942
98  0.267566
99  0.267155
100  0.266683
101  0.266288
102  0.265889
103  0.265487
104  0.265081
105  0.264729
106  0.264341
107  0.263953
108  0.263576
109  0.263196
110  0.262808
111  0.262415
112  0.262045
113  0.261680
114  0.261308
115  0.260882
116  0.260498
117  0.260118
118  0.259753
119  0.259344
120  0.258932
121  0.258486
122  0.258079
123  0.257665
124  0.257227
125  0.256799
126  0.256345
127  0.255910
128  0.255472
129  0.255035
130  0.254617
131  0.254157
132  0.253697
133  0.253238
134  0.252761
135  0.252303
136  0.251838
137  0.251383
138  0.250940
139  0.250514
140  0.250068
141  0.249627
142  0.249209
143  0.248777
144  0.248377
145  0.247968
146  0.247540
147  0.247131
148  0.246738
149  0.246360
150  0.246002
151  0.245643
152  0.245301
153  0.244952
154  0.244608
155  0.244278
156  0.243930
157  0.243599
158  0.243269
159  0.242947
160  0.242631
161  0.242303
162  0.242001
163  0.241689
164  0.241393
165  0.241081
166  0.240783
167  0.240491
168  0.240206
169  0.239918
170  0.239640
171  0.239356
172  0.239085
173  0.238815
174  0.238543
175  0.238292
176  0.238020
177  0.237748
178  0.237466
179  0.237206
180  0.236942
181  0.236687
182  0.236441
183  0.236178
184  0.235921
185  0.235662
186  0.235407
187  0.235156
188  0.234903
189  0.234655
190  0.234409
191  0.234163
192  0.233910
193  0.233671
194  0.233424
195  0.233176
196  0.232923
197  0.232693
198  0.232439
199  0.232193
200  0.231961
201  0.231707
202  0.231453
203  0.231198
204  0.230921
205  0.230631
206  0.230356
207  0.230071
208  0.229786
209  0.229498
210  0.229201
211  0.228877
212  0.228523
213  0.228184
214  0.227830
215  0.227469
216  0.227124
217  0.226749
218  0.226366
219  0.225973
220  0.225564
221  0.225146
222  0.224734
223  0.224321
224  0.223906
225  0.223472
226  0.223046
227  0.222641
228  0.222219
229  0.221812
230  0.221408
231  0.221007
232  0.220602
233  0.220219
234  0.219840
235  0.219457
236  0.219078
237  0.218701
238  0.218325
239  0.217949
240  0.217594
241  0.217228
242  0.216862
243  0.216515
244  0.216160
245  0.215819
246  0.215479
247  0.215146
248  0.214818
249  0.214492
250  0.214179
251  0.213860
252  0.213543
253  0.213233
254  0.212925
255  0.212623
256  0.212326
257  0.212032
258  0.211737
259  0.211441
260  0.211154
261  0.210858
262  0.210569
263  0.210267
264  0.209976
265  0.209695
266  0.209415
267  0.209139
268  0.208871
269  0.208598
270  0.208326
271  0.208053
272  0.207790
273  0.207529
274  0.207273
275  0.207018
276  0.206759
277  0.206506
278  0.206255
279  0.206009
280  0.205765
281  0.205519
282  0.205279
283  0.205038
284  0.204803
285  0.204565
286  0.204330
287  0.204097
288  0.203867
289  0.203637
290  0.203409
291  0.203186
292  0.202963
293  0.202739
294  0.202521
295  0.202302
296  0.202085
297  0.201874
298  0.201660
299  0.201448
300  0.201235
301  0.201023
302  0.200815
303  0.200609
304  0.200400
305  0.200193
306  0.199983
307  0.199779
308  0.199576
309  0.199380
310  0.199179
311  0.198983
312  0.198784
313  0.198592
314  0.198398
315  0.198206
316  0.198025
317  0.197834
318  0.197651
319  0.197467
320  0.197288
321  0.197108
322  0.196927
323  0.196752
324  0.196578
325  0.196404
326  0.196230
327  0.196064
328  0.195879
329  0.195709
330  0.195544
331  0.195379
332  0.195211
333  0.195044
334  0.194881
335  0.194719
336  0.194558
337  0.194402
338  0.194247
339  0.194086
340  0.193932
341  0.193772
342  0.193613
343  0.193463
344  0.193313
345  0.193162
346  0.193011
347  0.192857
348  0.192710
349  0.192555
350  0.192411
351  0.192261
352  0.192115
353  0.191969
354  0.191825
355  0.191677
356  0.191531
357  0.191390
358  0.191242
359  0.191097
360  0.190949
361  0.190806
362  0.190663
363  0.190517
364  0.190379
365  0.190235
366  0.190095
367  0.189957
368  0.189820
369  0.189679
370  0.189543
371  0.189406
372  0.189269
373  0.189136
374  0.189001
375  0.188872
376  0.188738
377  0.188601
378  0.188470
379  0.188337
380  0.188207
381  0.188075
382  0.187945
383  0.187811
384  0.187671
385  0.187534
386  0.187393
387  0.187254
388  0.187114
389  0.186972
390  0.186828
391  0.186684
392  0.186539
393  0.186389
394  0.186242
395  0.186098
396  0.185956
397  0.185810
398  0.185659
399  0.185509
400  0.185355
401  0.185191
402  0.185024
403  0.184851
404  0.184689
405  0.184528
406  0.184382
407  0.184253
408  0.184125
409  0.184001
410  0.183883
411  0.183763
412  0.183648
413  0.183530
414  0.183411
415  0.183301
416  0.183187
417  0.183071
418  0.182960
419  0.182847
420  0.182735
421  0.182629
422  0.182519
423  0.182413
424  0.182313
425  0.182207
426  0.182103
427  0.182003
428  0.181901
429  0.181800
430  0.181697
431  0.181603
432  0.181504
433  0.181402
434  0.181303
435  0.181212
436  0.181110
437  0.181017
438  0.180919
439  0.180821
440  0.180720
441  0.180626
442  0.180526
443  0.180432
444  0.180334
445  0.180238
446  0.180147
447  0.180056
448  0.179962
449  0.179874
450  0.179786
451  0.179694
452  0.179606
453  0.179521
454  0.179432
455  0.179346
456  0.179259
457  0.179172
458  0.179083
459  0.179002
460  0.178913
461  0.178827
462  0.178739
463  0.178648
464  0.178559
465  0.178476
466  0.178385
467  0.178300
468  0.178211
469  0.178133
470  0.178045
471  0.177966
472  0.177881
473  0.177797
474  0.177701
475  0.177620
476  0.177537
477  0.177448
478  0.177363
479  0.177280
480  0.177196
481  0.177112
482  0.177025
483  0.176947
484  0.176862
485  0.176778
486  0.176699
487  0.176610
488  0.176522
489  0.176439
490  0.176355
491  0.176271
492  0.176187
493  0.176101
494  0.176019
495  0.175931
496  0.175851
497  0.175762
498  0.175682
499  0.175607
500  0.175525
501  0.175445
502  0.175364
503  0.175284
504  0.175203
505  0.175126
506  0.175051
507  0.174974
508  0.174902
509  0.174826
510  0.174750
511  0.174674
512  0.174599
513  0.174529
514  0.174454
515  0.174386
516  0.174311
517  0.174238
518  0.174165
519  0.174095
520  0.174019
521  0.173952
522  0.173879
523  0.173808
524  0.173738
525  0.173667
526  0.173597
527  0.173527
528  0.173458
529  0.173387
530  0.173320
531  0.173249
532  0.173184
533  0.173111
534  0.173048
535  0.172979
536  0.172916
537  0.172844
538  0.172778
539  0.172712
540  0.172646
541  0.172580
542  0.172514
543  0.172444
544  0.172383
545  0.172317
546  0.172252
547  0.172191
548  0.172125
549  0.172060
550  0.171995
551  0.171932
552  0.171867
553  0.171806
554  0.171743
555  0.171685
556  0.171624
557  0.171561
558  0.171501
559  0.171440
560  0.171381
561  0.171320
562  0.171258
563  0.171200
564  0.171143
565  0.171083
566  0.171024
567  0.170968
568  0.170907
569  0.170847
570  0.170791
571  0.170732
572  0.170675
573  0.170616
574  0.170561
575  0.170505
576  0.170446
577  0.170391
578  0.170334
579  0.170279
580  0.170221
581  0.170165
582  0.170112
583  0.170055
584  0.169998
585  0.169945
586  0.169888
587  0.169834
588  0.169783
589  0.169726
590  0.169671
591  0.169623
592  0.169564
593  0.169510
594  0.169460
595  0.169403
596  0.169352
597  0.169295
598  0.169244
599  0.169192
600  0.169141
601  0.169083
602  0.169037
603  0.168985
604  0.168936
605  0.168881
606  0.168832
607  0.168781
608  0.168727
609  0.168669
610  0.168621
611  0.168570
612  0.168520
613  0.168469
614  0.168416
615  0.168367
616  0.168314
617  0.168267
618  0.168211
619  0.168168
620  0.168115
621  0.168068
622  0.168026
623  0.167975
624  0.167916
625  0.167868
626  0.167818
627  0.167770
628  0.167717
629  0.167670
630  0.167619
631  0.167569
632  0.167525
633  0.167473
634  0.167425
635  0.167376
636  0.167328
637  0.167280
638  0.167232
639  0.167185
640  0.167137
641  0.167091
642  0.167050
643  0.167001
644  0.166956
645  0.166909
646  0.166862
647  0.166815
648  0.166768
649  0.166724
650  0.166678
651  0.166633
652  0.166587
653  0.166539
654  0.166494
655  0.166452
656  0.166404
657  0.166359
658  0.166314
659  0.166270
660  0.166225
661  0.166177
662  0.166130
663  0.166085
664  0.166038
665  0.165996
666  0.165952
667  0.165901
668  0.165853
669  0.165810
670  0.165763
671  0.165720
672  0.165672
673  0.165626
674  0.165580
675  0.165535
676  0.165489
677  0.165444
678  0.165397
679  0.165354
680  0.165309
681  0.165264
682  0.165219
683  0.165174
684  0.165132
685  0.165086
686  0.165047
687  0.164999
688  0.164956
689  0.164907
690  0.164862
691  0.164813
692  0.164770
693  0.164720
694  0.164672
695  0.164623
696  0.164571
697  0.164521
698  0.164465
699  0.164417
700  0.164369
701  0.164321
702  0.164269
703  0.164211
704  0.164151
705  0.164096
706  0.164042
707  0.163992
708  0.163943
709  0.163899
710  0.163853
711  0.163808
712  0.163756
713  0.163714
714  0.163667
715  0.163623
716  0.163578
717  0.163536
718  0.163492
719  0.163449
720  0.163407
721  0.163361
722  0.163320
723  0.163279
724  0.163236
725  0.163199
726  0.163158
727  0.163117
728  0.163082
729  0.163041
730  0.162999
731  0.162959
732  0.162921
733  0.162881
734  0.162838
735  0.162801
736  0.162760
737  0.162722
738  0.162680
739  0.162644
740  0.162604
741  0.162567
742  0.162528
743  0.162489
744  0.162451
745  0.162413
746  0.162374
747  0.162333
748  0.162297
749  0.162255
750  0.162221
751  0.162182
752  0.162141
753  0.162102
754  0.162066
755  0.162028
756  0.161993
757  0.161954
758  0.161912
759  0.161877
760  0.161838
761  0.161801
762  0.161766
763  0.161729
764  0.161691
765  0.161656
766  0.161619
767  0.161585
768  0.161546
769  0.161513
770  0.161474
771  0.161436
772  0.161400
773  0.161363
774  0.161322
775  0.161289
776  0.161250
777  0.161216
778  0.161180
779  0.161145
780  0.161108
781  0.161070
782  0.161035
783  0.161001
784  0.160963
785  0.160927
786  0.160892
787  0.160860
788  0.160821
789  0.160792
790  0.160753
791  0.160717
792  0.160683
793  0.160650
794  0.160612
795  0.160577
796  0.160541
797  0.160504
798  0.160471
799  0.160432
800  0.160397
801  0.160364
802  0.160325
803  0.160294
804  0.160249
805  0.160215
806  0.160177
807  0.160148
808  0.160111
809  0.160073
810  0.160042
811  0.160002
812  0.159972
813  0.159937
814  0.159896
815  0.159864
816  0.159826
817  0.159788
818  0.159754
819  0.159717
820  0.159678
821  0.159639
822  0.159603
823  0.159563
824  0.159523
825  0.159491
826  0.159456
827  0.159417
828  0.159384
829  0.159344
830  0.159315
831  0.159277
832  0.159239
833  0.159206
834  0.159166
835  0.159134
836  0.159098
837  0.159063
838  0.159028
839  0.158996
840  0.158963
841  0.158929
842  0.158895
843  0.158863
844  0.158830
845  0.158797
846  0.158766
847  0.158730
848  0.158698
849  0.158667
850  0.158631
851  0.158600
852  0.158565
853  0.158534
854  0.158500
855  0.158468
856  0.158436
857  0.158403
858  0.158365
859  0.158336
860  0.158303
861  0.158267
862  0.158235
863  0.158203
864  0.158171
865  0.158137
866  0.158104
867  0.158072
868  0.158038
869  0.158007
870  0.157976
871  0.157942
872  0.157911
873  0.157880
874  0.157846
875  0.157811
876  0.157780
877  0.157747
878  0.157716
879  0.157683
880  0.157650
881  0.157621
882  0.157587
883  0.157554
884  0.157524
885  0.157491
886  0.157459
887  0.157427
888  0.157391
889  0.157362
890  0.157328
891  0.157296
892  0.157261
893  0.157229
894  0.157196
895  0.157162
896  0.157130
897  0.157100
898  0.157063
899  0.157032
900  0.156999
901  0.156971
902  0.156936
903  0.156901
904  0.156874
905  0.156842
906  0.156796
907  0.156755
908  0.156723
909  0.156687
910  0.156654
911  0.156619
912  0.156564
913  0.156527
914  0.156489
915  0.156455
916  0.156413
917  0.156378
918  0.156345
919  0.156311
920  0.156279
921  0.156245
922  0.156208
923  0.156169
924  0.156140
925  0.156106
926  0.156073
927  0.156040
928  0.156006
929  0.155973
930  0.155941
931  0.155905
932  0.155875
933  0.155843
934  0.155812
935  0.155779
936  0.155749
937  0.155718
938  0.155684
939  0.155654
940  0.155622
941  0.155589
942  0.155565
943  0.155532
944  0.155504
945  0.155468
946  0.155439
947  0.155408
948  0.155374
949  0.155345
950  0.155311
951  0.155282
952  0.155251
953  0.155217
954  0.155190
955  0.155157
956  0.155128
957  0.155095
958  0.155063
959  0.155039
960  0.155004
961  0.154973
962  0.154940
963  0.154910
964  0.154883
965  0.154845
966  0.154816
967  0.154785
968  0.154752
969  0.154718
970  0.154690
971  0.154658
972  0.154623
973  0.154592
974  0.154555
975  0.154524
976  0.154491
977  0.154460
978  0.154425
979  0.154397
980  0.154358
981  0.154331
982  0.154295
983  0.154264
984  0.154231
985  0.154196
986  0.154159
987  0.154130
988  0.154094
989  0.154061
990  0.154026
991  0.153989
992  0.153952
993  0.153915
994  0.153878
995  0.153844
996  0.153810
997  0.153779
998  0.153744
999  0.153708
1000  0.153676
1001  0.153644
1002  0.153612
1003  0.153579
1004  0.153546
1005  0.153518
1006  0.153482
1007  0.153450
1008  0.153418
1009  0.153389
1010  0.153354
1011  0.153325
1012  0.153295
1013  0.153261
1014  0.153233
1015  0.153200
1016  0.153169
1017  0.153137
1018  0.153109
1019  0.153080
1020  0.153053
1021  0.153023
1022  0.152989
1023  0.152963
1024  0.152937
1025  0.152901
1026  0.152878
1027  0.152844
1028  0.152813
1029  0.152789
1030  0.152758
1031  0.152726
1032  0.152699
1033  0.152670
1034  0.152641
1035  0.152609
1036  0.152584
1037  0.152552
1038  0.152528
1039  0.152499
1040  0.152467
1041  0.152435
1042  0.152408
1043  0.152376
1044  0.152349
1045  0.152321
1046  0.152290
1047  0.152258
1048  0.152227
1049  0.152201
1050  0.152174
1051  0.152142
1052  0.152111
1053  0.152083
1054  0.152048
1055  0.152020
1056  0.151992
1057  0.151961
1058  0.151933
1059  0.151907
1060  0.151873
1061  0.151848
1062  0.151820
1063  0.151791
1064  0.151756
1065  0.151730
1066  0.151701
1067  0.151670
1068  0.151644
1069  0.151616
1070  0.151588
1071  0.151556
1072  0.151526
1073  0.151501
1074  0.151472
1075  0.151445
1076  0.151421
1077  0.151389
1078  0.151365
1079  0.151334
1080  0.151306
1081  0.151284
1082  0.151254
1083  0.151225
1084  0.151196
1085  0.151170
1086  0.151139
1087  0.151113
1088  0.151084
1089  0.151059
1090  0.151024
1091  0.151001
1092  0.150975
1093  0.150945
1094  0.150922
1095  0.150892
1096  0.150866
1097  0.150839
1098  0.150811
1099  0.150783
1100  0.150758
1101  0.150729
1102  0.150696
1103  0.150670
1104  0.150645
1105  0.150616
1106  0.150591
1107  0.150565
1108  0.150537
1109  0.150510
1110  0.150482
1111  0.150454
1112  0.150428
1113  0.150401
1114  0.150374
1115  0.150347
1116  0.150320
1117  0.150295
1118  0.150268
1119  0.150243
1120  0.150219
1121  0.150192
1122  0.150165
1123  0.150139
1124  0.150113
1125  0.150086
1126  0.150057
1127  0.150034
1128  0.150009
1129  0.149984
1130  0.149954
1131  0.149932
1132  0.149906
1133  0.149879
1134  0.149853
1135  0.149827
1136  0.149800
1137  0.149775
1138  0.149750
1139  0.149725
1140  0.149699
1141  0.149673
1142  0.149649
1143  0.149621
1144  0.149596
1145  0.149572
1146  0.149545
1147  0.149522
1148  0.149495
1149  0.149471
1150  0.149445
1151  0.149420
1152  0.149395
1153  0.149365
1154  0.149343
1155  0.149319
1156  0.149292
1157  0.149268
1158  0.149241
1159  0.149215
1160  0.149186
1161  0.149161
1162  0.149137
1163  0.149109
1164  0.149087
1165  0.149061
1166  0.149035
1167  0.149012
1168  0.148988
1169  0.148963
1170  0.148937
1171  0.148909
1172  0.148887
1173  0.148860
1174  0.148835
1175  0.148810
1176  0.148783
1177  0.148759
1178  0.148738
1179  0.148711
1180  0.148687
1181  0.148663
1182  0.148638
1183  0.148612
1184  0.148587
1185  0.148563
1186  0.148538
1187  0.148513
1188  0.148488
1189  0.148465
1190  0.148439
1191  0.148416
1192  0.148392
1193  0.148371
1194  0.148346
1195  0.148321
1196  0.148298
1197  0.148273
1198  0.148246
1199  0.148223
1200  0.148203
1201  0.148169
1202  0.148149
1203  0.148127
1204  0.148102
1205  0.148079
1206  0.148051
1207  0.148025
1208  0.148003
1209  0.147976
1210  0.147954
1211  0.147927
1212  0.147908
1213  0.147881
1214  0.147854
1215  0.147830
1216  0.147802
1217  0.147781
1218  0.147756
1219  0.147736
1220  0.147706
1221  0.147686
1222  0.147661
1223  0.147638
1224  0.147612
1225  0.147587
1226  0.147557
1227  0.147541
1228  0.147511
1229  0.147481
1230  0.147469
1231  0.147437
1232  0.147408
1233  0.147394
1234  0.147365
1235  0.147337
1236  0.147325
1237  0.147292
1238  0.147268
1239  0.147243
1240  0.147219
1241  0.147198
1242  0.147174
1243  0.147148
1244  0.147131
1245  0.147106
1246  0.147079
1247  0.147059
1248  0.147037
1249  0.147009
1250  0.146986
1251  0.146961
1252  0.146942
1253  0.146909
1254  0.146891
1255  0.146861
1256  0.146846
1257  0.146820
1258  0.146798
1259  0.146769
1260  0.146749
1261  0.146723
1262  0.146701
1263  0.146679
1264  0.146654
1265  0.146630
1266  0.146612
1267  0.146584
1268  0.146561
1269  0.146541
1270  0.146514
1271  0.146490
1272  0.146470
1273  0.146445
1274  0.146422
1275  0.146400
1276  0.146373
1277  0.146353
1278  0.146337
1279  0.146303
1280  0.146285
1281  0.146268
1282  0.146245
1283  0.146214
1284  0.146201
1285  0.146168
1286  0.146154
1287  0.146123
1288  0.146109
1289  0.146072
1290  0.146059
1291  0.146028
1292  0.146010
1293  0.145992
1294  0.145961
1295  0.145946
1296  0.145918
1297  0.145903
1298  0.145872
1299  0.145857
1300  0.145833
1301  0.145804
1302  0.145790
1303  0.145765
1304  0.145746
1305  0.145713
1306  0.145699
1307  0.145669
1308  0.145655
1309  0.145630
1310  0.145610
1311  0.145583
1312  0.145566
1313  0.145543
1314  0.145520
1315  0.145505
1316  0.145473
1317  0.145451
1318  0.145433
1319  0.145408
1320  0.145379
1321  0.145363
1322  0.145331
1323  0.145321
