4000
0.770803  0.678792  0
-0.307148  -0.654720  1
-0.895863  -0.800905  2
0.742510  0.429543  1
0.867158  0.952471  2
0.138931  -0.121781  3
-0.874247  -0.188508  2
-0.519691  -0.232178  0
-0.348707  0.081708  1
-0.202736  0.225730  1
0.683180  -0.403746  0
-0.091595  0.690197  3
0.980633  -0.830550  3
-0.594265  0.146613  1
-0.344513  0.106851  1
-0.024946  -0.573710  2
-0.214356  0.667906  0
-0.228430  -0.110219  2
0.867002  -0.485920  0
-0.680676  0.734160  0
-0.533449  0.458255  1
-0.387621  -0.407697  0
-0.730253  0.092688  3
0.360126  -0.078960  0
-0.825604  -0.842611  2
-0.853230  0.857576  3
-0.246356  0.055174  3
0.547773  -0.265724  0
0.224625  0.953508  2
0.880890  0.880111  2
0.060359  -0.144056  3
-0.693599  0.846003  0
-0.476150  0.077972  1
-0.264216  -0.609148  1
0.592052  0.055109  2
-0.874988  -0.941398  2
-0.486636  -0.262609  0
-0.349094  -0.216889  0
0.830079  -0.988969  3
0.704151  -0.995525  3
-0.831580  0.850921  3
0.862051  -0.077936  3
-0.093905  0.409824  1
0.656340  -0.869280  1
0.363331  0.537230  0
-0.989169  -0.576309  2
-0.606826  -0.682768  1
-0.730306  -0.082976  2
0.395204  0.005478  2
0.307876  -0.012745  3
-0.939413  0.432888  1
0.045858  -0.426049  3
-0.829721  0.696763  0
0.357062  -0.999643  3
0.707794  0.061213  2
-0.995168  0.876215  3
-0.087866  0.866884  3
-0.201722  0.818229  0
0.276708  -0.545381  1
0.948949  -0.359961  3
0.991849  0.959780  2
0.063730  -0.614977  3
-0.722988  0.333423  1
0.302047  0.672216  0
-0.661099  -0.390077  0
-0.340528  -0.600512  1
-0.957189  0.705329  3
-0.026561  -0.786911  2
0.402092  -0.669499  1
-0.786553  0.109887  3
0.391713  -0.781721  1
-0.013899  -0.696153  2
-0.914838  0.784379  3
-0.877924  0.361870  1
-0.761002  -0.928975  2
-0.998091  -0.769154  2
-0.969195  0.065638  3
-0.384131  -0.692183  1
-0.600938  0.917916  0
0.980033  -0.262037  3
-0.472161  -0.360495  0
0.137451  -0.429351  0
-0.655166  -0.889111  1
-0.216261  0.746926  0
-0.558610  -0.002815  2
-0.143187  0.833103  3
0.215464  0.842914  0
-0.863050  0.300627  1
0.627293  -0.740974  1
-0.337504  0.866291  0
-0.669949  -0.335595  0
-0.902862  -0.639144  1
0.730044  -0.286993  0
-0.331327  -0.870895  1
-0.369078  -0.351293  0
-0.132932  0.158761  3
0.288212  -0.995481  3
0.729410  0.633046  0
-0.884592  -0.486851  0
0.379972  -0.443202  0
0.510334  -0.763215  1
-0.610099  -0.274202  0
-0.920301  -0.473149  0
-0.973575  0.706993  3
-0.214122  -0.311079  0
0.573284  0.115929  1
0.353326  0.670421  0
0.476785  0.083370  1
-0.616572  -0.854541  1
0.212475  0.014350  2
-0.205835  -0.920457  2
-0.826889  -0.917623  2
-0.915938  0.902522  3
0.715423  -0.800530  1
-0.584329  0.095395  1
-0.243733  0.926005  3
0.332181  0.146168  1
-0.348197  0.411880  1
0.673019  -0.321772  0
0.118872  -0.541103  1
0.367149  -0.307844  0
0.574826  -0.279525  0
-0.637423  0.051612  3
0.803845  -0.253995  0
0.197070  0.016321  2
0.760356  0.991236  2
0.095864  0.933467  2
-0.926387  0.179925  3
0.835989  0.789036  0
0.379395  -0.748341  1
-0.115569  -0.864338  2
-0.822336  -0.783388  1
0.281830  -0.170533  0
0.628492  -0.045150  3
0.507695  -0.252636  0
0.413747  -0.125156  0
0.439520  -0.011427  3
0.595319  0.802097  0
-0.959815  0.399164  3
-0.451897  0.237255  1
-0.584515  -0.691542  1
0.228491  0.511349  0
-0.758075  0.302104  1
-0.308726  -0.922086  2
0.091140  -0.929331  3
-0.670427  0.975571  3
-0.793669  -0.492763  0
-0.807817  0.488162  1
0.336704  0.820675  0
-0.556989  -0.155601  0
-0.431961  0.856758  0
0.719242  -0.992441  3
-0.154668  0.314561  1
0.809656  -0.114483  3
-0.286275  -0.642242  1
-0.877228  0.129210  3
-0.333783  0.351263  1
-0.359441  -0.091858  0
-0.346633  0.331833  1
-0.013944  0.744507  3
0.402502  0.315629  1
0.720079  0.608833  0
0.822866  0.912262  2
0.096994  0.159570  2
0.732937  0.540006  0
-0.996031  -0.699024  2
0.396764  0.723211  0
-0.691466  -0.757904  1
0.037772  -0.881810  3
0.127612  0.751497  2
-0.524052  0.250384  1
-0.119293  0.142165  3
-0.398353  0.521265  0
-0.949693  0.255014  3
-0.146902  0.036363  3
-0.000478  -0.744400  2
-0.648009  -0.280399  0
0.864432  -0.825143  3
-0.368137  -0.038574  2
0.334427  -0.635200  1
-0.498568  0.338396  1
-0.334225  0.898196  0
0.061607  -0.025691  3
-0.859708  -0.900622  2
0.092499  0.267904  2
0.850875  0.568447  0
-0.481712  -0.268418  0
-0.289388  0.119935  1
-0.747153  -0.239081  0
-0.625051  0.105945  1
0.797281  0.374471  1
0.361545  -0.850728  1
-0.905928  0.225977  3
-0.675870  -0.274065  0
-0.812596  0.658557  0
0.090735  -0.311164  3
-0.003047  0.756510  3
-0.412968  -0.941440  2
-0.269181  -0.272677  0
-0.842062  0.823318  3
0.995227  -0.991187  3
0.391765  -0.486486  0
-0.259605  -0.897623  2
0.633449  -0.006758  3
-0.136704  -0.991601  2
-0.900813  -0.339423  0
0.382870  0.460732  1
-0.190151  0.476942  1
-0.313291  0.133979  1
-0.797124  -0.125888  2
-0.207464  0.293611  1
0.562948  0.789490  0
0.050121  -0.850020  3
0.848049  0.780940  2
-0.122697  -0.994013  2
0.604258  -0.127470  0
-0.985200  -0.003976  2
0.386044  -0.244806  0
0.098401  0.019493  2
0.748436  0.961697  2
0.027892  0.847623  2
-0.377726  -0.589238  1
0.308355  0.432124  1
0.887703  0.995064  2
-0.433897  -0.909420  1
-0.130823  0.358640  1
0.384191  -0.567875  1
0.148129  -0.565688  1
-0.417895  -0.003822  2
-0.784748  0.459407  1
0.002165  0.819510  2
-0.668063  0.016965  3
-0.184466  0.717981  0
0.772160  0.913935  2
-0.262525  0.520596  0
0.875633  0.765367  2
0.368219  -0.502093  1
-0.823872  -0.323425  0
0.930031  -0.936168  3
-0.328361  -0.503866  1
-0.845589  0.540815  0
0.854774  0.538602  0
0.972940  0.002903  2
0.972913  -0.444955  3
0.999081  -0.811835  3
-0.985548  0.001247  3
-0.992325  -0.653611  2
-0.981788  -0.176791  2
-0.935629  0.790372  3
-0.262856  -0.198154  0
0.310968  -0.387223  0
-0.432788  -0.320812  0
0.110684  -0.256659  3
0.355762  0.040715  2
-0.192827  -0.972599  2
0.536849  -0.038416  3
0.568217  0.391623  1
-0.499815  0.541157  0
-0.605474  -0.526901  1
-0.903798  -0.606392  1
-0.338736  -0.889346  1
0.394855  -0.331061  0
-0.542957  0.413067  1
0.492147  -0.478586  0
0.203439  -0.770708  1
0.323260  -0.485592  0
-0.157931  0.890472  3
0.193596  0.952753  2
-0.366187  -0.450642  0
-0.006532  0.440986  3
-0.423241  -0.469682  0
-0.597431  -0.855024  1
0.921941  -0.097245  3
0.686133  -0.683532  1
0.375854  0.782335  0
-0.289924  -0.962883  2
0.892989  -0.895069  3
-0.293944  -0.649968  1
0.517998  -0.801797  1
-0.128554  -0.278562  0
-0.572505  -0.805294  1
0.235845  0.269564  1
-0.914822  -0.570559  1
0.222317  -0.281009  0
-0.021201  -0.784215  2
-0.840023  0.555558  0
-0.253897  -0.437454  0
0.700534  -0.331956  0
0.465301  0.386667  1
-0.015489  -0.158845  2
0.169002  0.694587  0
-0.121728  0.061990  3
0.799518  0.584328  0
0.412022  0.317516  1
0.782531  -0.716531  1
-0.961046  -0.789974  2
-0.521825  0.274799  1
0.479590  -0.436647  0
0.704240  -0.298094  0
0.282344  -0.316961  0
-0.082309  0.442321  1
-0.761403  0.663794  0
-0.995132  0.939131  3
-0.668163  0.470169  1
0.325798  0.316349  1
-0.688676  -0.505200  1
0.010936  0.189596  2
0.556791  -0.189546  0
-0.226076  -0.031187  2
-0.872030  -0.443544  0
0.252282  -0.833076  1
-0.233518  0.730456  0
0.441723  -0.753929  1
-0.706191  0.145964  1
-0.052022  0.576153  3
0.829003  0.865669  2
0.018474  -0.932400  3
0.529462  0.023342  2
-0.993268  0.861300  3
-0.506489  0.332530  1
0.177649  -0.195165  0
0.827330  -0.811415  3
0.994431  0.384121  2
-0.000962  -0.231645  2
-0.647066  0.127009  1
0.324811  0.605216  0
0.293933  -0.908707  3
0.335672  -0.264344  0
-0.662636  0.629481  0
0.881620  0.285342  1
0.205634  0.710623  0
0.151011  -0.775891  1
0.778223  -0.319527  0
0.247451  0.784955  0
-0.458227  0.740962  0
0.117485  0.719422  0
-0.454204  -0.055184  0
0.908006  -0.459772  0
-0.671064  -0.092955  0
0.308583  -0.318130  0
-0.965947  -0.366606  2
-0.712914  0.327986  1
-0.275313  0.622758  0
-0.936358  0.062051  3
0.252238  0.945262  2
-0.652607  -0.542127  1
0.655885  0.498404  1
-0.318019  0.434108  1
-0.821123  0.929432  3
0.219063  -0.279350  0
0.670393  -0.663452  1
-0.559928  -0.783810  1
0.281364  -0.651921  1
-0.243583  0.610300  0
0.255123  -0.935000  3
-0.707829  0.289177  1
-0.301606  -0.420743  0
-0.382837  0.423081  1
-0.797986  -0.319195  0
-0.514868  0.454253  1
-0.373934  -0.167476  0
0.912125  -0.718049  3
-0.669072  -0.405894  0
0.716059  -0.490195  0
-0.476462  -0.064878  0
0.230456  -0.806069  1
0.271670  0.670528  0
-0.589880  -0.446966  0
-0.981394  0.166538  3
-0.836665  0.273730  1
0.231538  -0.544495  1
-0.437094  0.929932  0
0.034762  0.180069  2
0.353012  0.236776  1
0.860873  0.838144  2
-0.308971  -0.513060  1
-0.329332  -0.396846  0
-0.231109  0.001597  3
0.197260  -0.515050  1
0.511402  0.720798  0
0.420072  -0.258143  0
0.914729  -0.308258  3
-0.587615  -0.675151  1
0.244777  -0.569008  1
0.491387  0.408111  1
0.704721  -0.277076  0
0.863616  -0.732372  1
-0.347144  -0.101622  0
0.447697  -0.994132  3
-0.864846  0.308570  1
0.844012  -0.173817  3
0.795510  -0.485319  0
0.429337  -0.435599  0
0.516277  -0.373403  0
0.049351  0.027679  2
-0.652606  -0.530577  1
0.769536  -0.737877  1
0.161165  -0.818078  3
-0.413028  -0.594058  1
-0.387087  -0.921642  1
0.814053  -0.682365  1
-0.198717  0.677669  0
-0.414738  0.454138  1
-0.423952  -0.967041  2
0.460007  -0.288798  0
0.341529  0.304019  1
0.537385  0.137039  1
0.818699  -0.033278  3
0.701439  0.334976  1
0.593318  -0.249210  0
-0.637345  0.940713  3
0.220213  -0.867809  3
-0.797164  -0.618622  1
-0.685887  -0.210192  0
-0.212680  -0.072974  2
-0.131834  -0.398627  0
0.244661  0.669449  0
-0.720958  0.829923  0
0.123587  -0.144910  3
0.862882  -0.416406  0
0.566292  0.204411  1
0.887612  0.103677  2
-0.658551  0.706312  0
-0.929602  -0.957111  2
0.041288  0.663717  2
-0.206321  0.403943  1
0.604430  -0.986108  3
0.536134  0.807266  0
-0.604730  0.850247  0
-0.402927  0.182589  1
-0.222726  0.465240  1
0.783962  -0.978065  3
0.134688  -0.936996  3
0.851858  -0.741724  1
-0.081906  0.714740  3
-0.158131  -0.515614  1
-0.080850  -0.270518  2
0.588062  0.260600  1
-0.564207  0.658461  0
0.303488  0.477081  1
0.322177  -0.902833  1
-0.118976  -0.073393  2
-0.888941  -0.582842  1
-0.266127  -0.493671  0
-0.732595  0.330946  1
0.688918  0.044679  2
-0.203814  0.472880  1
0.066614  0.930874  2
0.535884  -0.081528  0
-0.810850  -0.546022  1
-0.366788  0.031019  3
-0.061637  0.552362  0
0.760501  -0.473574  0
-0.187038  -0.803706  1
-0.815114  -0.883550  2
0.673375  0.507064  0
-0.786382  -0.445601  0
-0.566329  -0.675323  1
-0.028443  0.167544  3
-0.168995  0.238962  1
-0.501510  -0.480077  0
-0.716359  0.294675  1
0.992803  0.350255  2
0.225549  0.528687  0
-0.731273  0.414699  1
0.982665  -0.098061  3
-0.554282  -0.078972  0
-0.545699  -0.793782  1
0.447454  0.267263  1
-0.597488  0.632340  0
0.383713  -0.924113  1
0.139404  0.597331  0
-0.369715  0.573075  0
0.922008  0.601842  0
-0.259381  -0.246987  0
-0.159196  0.239109  1
0.272936  0.124445  1
-0.466216  0.265739  1
-0.525299  0.759333  0
-0.205574  -0.256572  0
0.174032  -0.222910  0
0.645366  0.619749  0
0.698119  -0.900333  1
0.825968  0.145572  2
0.366930  -0.771520  1
-0.222087  -0.249357  0
-0.695634  0.917317  3
-0.652026  -0.065348  2
0.490392  -0.730018  1
-0.463506  -0.768989  1
0.022995  0.377298  2
0.470120  -0.704070  1
-0.498257  -0.996096  2
0.561669  -0.023556  3
0.763237  -0.643905  1
0.719872  -0.062731  3
0.133185  0.365238  1
-0.442982  -0.168696  0
0.464906  -0.617014  1
0.976876  -0.168164  3
-0.388535  -0.245211  0
0.582479  -0.084168  0
-0.327894  0.930453  3
0.850484  -0.837501  3
-0.799566  -0.613023  1
-0.606490  0.223429  1
0.764275  0.863630  2
0.519359  -0.733981  1
0.867534  0.081028  2
0.242463  0.630771  0
0.437123  -0.037666  3
-0.431961  -0.429691  0
-0.672428  0.125057  1
0.401613  0.792478  0
0.508043  0.378489  1
-0.375687  -0.880492  1
-0.866722  -0.793208  2
0.035340  -0.194615  3
-0.862755  -0.114176  2
-0.032117  -0.662321  2
0.272801  0.361394  1
0.561108  0.037076  2
0.225024  0.080467  2
0.303095  0.092558  2
-0.838505  -0.454442  0
-0.276671  0.598619  0
0.507892  0.291368  1
-0.831072  0.835464  3
-0.583575  0.570540  0
0.627942  0.924468  0
-0.050971  -0.747745  2
-0.956023  0.082307  3
-0.540953  0.079317  1
0.887692  -0.403708  0
0.965140  -0.144425  3
-0.066029  0.237941  3
-0.783031  -0.504921  1
-0.724982  0.441993  1
0.575546  0.578113  0
-0.465450  0.737041  0
-0.876330  0.257879  3
0.335660  0.631562  0
-0.450753  0.504587  0
0.467026  -0.034328  3
0.075127  0.094968  2
-0.109859  -0.975844  2
0.347224  -0.065883  3
0.106464  0.806271  2
-0.986566  -0.005845  2
-0.597437  0.978574  3
0.849730  0.336534  1
0.216516  -0.933301  3
0.831613  0.491533  1
0.508691  0.407158  1
0.069646  -0.956758  3
0.144199  0.193316  2
0.301121  -0.520141  1
-0.175122  0.850368  3
0.984446  -0.708096  3
-0.183960  0.059574  3
0.386873  0.706181  0
0.083730  -0.265904  3
-0.359702  -0.809806  1
-0.459633  -0.346268  0
0.184349  -0.057070  3
-0.367694  0.034079  3
-0.720535  0.848822  0
0.100778  -0.888923  3
0.340355  -0.390530  0
0.518236  -0.589999  1
-0.347289  -0.337565  0
0.603317  0.953832  2
0.142294  -0.571805  1
0.804200  0.126740  2
-0.279900  -0.379760  0
-0.813686  -0.893028  2
-0.673579  0.270044  1
-0.158931  -0.033281  2
0.460238  0.381436  1
0.620451  -0.355414  0
-0.675634  -0.747243  1
0.678666  -0.396169  0
-0.898421  -0.220556  2
-0.285092  0.441934  1
0.388914  -0.766856  1
0.851935  -0.958375  3
-0.104421  0.455253  1
0.995457  -0.962128  3
0.883448  0.799657  2
0.164613  -0.396452  0
-0.580103  0.350926  1
-0.289480  -0.253682  0
-0.379030  0.551589  0
0.713036  -0.918793  3
-0.066975  0.333487  3
-0.274206  0.257391  1
0.586244  -0.595541  1
0.861222  0.687823  0
0.183903  -0.423870  0
0.129757  -0.427183  0
-0.190727  -0.018308  2
-0.385558  0.704852  0
-0.563055  -0.390101  0
0.742725  -0.679607  1
-0.590444  -0.092663  0
-0.076059  -0.170547  2
-0.741737  0.634462  0
0.575771  -0.120767  0
0.186050  0.288807  1
-0.039559  -0.880925  2
-0.377706  0.686234  0
0.376466  -0.791462  1
-0.909306  0.237687  3
0.896361  0.274597  2
0.813817  0.026117  2
0.847414  -0.376909  0
-0.992190  -0.538144  2
-0.672057  -0.555245  1
0.071755  -0.929333  3
-0.234852  0.481311  1
-0.021996  0.689089  3
-0.689236  0.236267  1
0.323550  0.886535  0
-0.884499  -0.490399  0
0.175342  0.075941  2
-0.371324  0.797636  0
-0.237824  -0.994859  2
-0.993826  -0.147130  2
0.242829  0.902535  2
-0.872533  0.056646  3
-0.071348  0.974881  3
0.679737  -0.063538  3
-0.563263  -0.992321  2
0.381216  0.508492  0
-0.921654  -0.853636  2
-0.010198  0.056351  3
0.835453  0.300566  1
-0.707382  0.159003  1
0.187101  -0.591881  1
0.668604  -0.637558  1
0.484060  -0.702720  1
-0.839922  -0.753764  1
-0.697579  -0.833748  1
0.099105  0.545250  0
-0.931213  0.226572  3
-0.398104  -0.002561  2
0.201453  -0.718367  1
0.933901  0.638190  2
-0.710688  0.315117  1
0.146681  -0.632342  1
0.461481  -0.863517  1
0.424009  0.296934  1
0.437049  0.716627  0
-0.544063  -0.375850  0
-0.875254  -0.875459  2
-0.013408  0.608806  3
-0.578179  0.146671  1
0.855041  -0.275758  0
0.312923  -0.045854  3
-0.730508  0.381710  1
-0.819282  -0.128612  2
-0.620851  0.382171  1
0.153021  -0.686950  1
0.020361  0.442333  2
0.628167  -0.832958  1
0.809991  0.089648  2
-0.696475  0.234000  1
-0.613418  0.740574  0
-0.049373  -0.157480  2
-0.635276  0.075373  1
-0.032939  0.351316  3
-0.315822  0.388882  1
-0.502013  -0.460780  0
-0.886876  0.810910  3
0.493366  -0.617384  1
0.192620  0.674084  0
0.254004  0.571769  0
0.056255  -0.592975  3
0.884819  -0.923384  3
0.849358  0.512986  0
-0.756342  0.659348  0
-0.397366  -0.452817  0
-0.106652  -0.010783  2
-0.712242  0.843975  0
0.831736  -0.347518  0
-0.080652  -0.201203  2
-0.996202  0.603527  3
-0.812320  -0.498215  0
-0.857254  -0.699196  1
-0.687305  0.636112  0
-0.316580  0.505315  0
0.310197  0.937424  2
0.077085  -0.633548  1
-0.655551  -0.038096  2
-0.556931  -0.806193  1
-0.525110  -0.313273  0
0.853155  0.077524  2
0.233910  -0.253496  0
-0.933259  0.521667  0
-0.409521  0.898477  0
-0.825851  0.509827  0
-0.302725  -0.822053  1
0.113354  -0.115046  3
-0.320268  0.256100  1
0.185758  -0.007572  3
-0.107787  0.869178  3
-0.502257  -0.797591  1
0.806602  0.574828  0
-0.431139  -0.848948  1
-0.463269  0.011930  3
-0.655141  0.011621  3
0.698656  -0.801986  1
-0.910854  -0.067434  2
-0.055482  -0.844113  2
-0.545766  0.534997  0
-0.945636  -0.371617  2
0.044824  -0.248362  3
-0.193670  -0.841822  2
0.636593  0.486063  1
0.414278  -0.177649  0
-0.521510  -0.693509  1
-0.308472  -0.023767  2
-0.491100  -0.501869  1
-0.448940  0.077762  1
-0.350817  0.087792  1
-0.910309  -0.005958  2
-0.900587  0.788348  3
0.192056  -0.811441  1
-0.279086  -0.863426  1
-0.655555  0.175148  1
0.671571  -0.601191  1
0.803531  -0.283605  0
0.150448  -0.390139  0
-0.125426  -0.212960  2
-0.904076  -0.711148  2
0.609391  -0.425586  0
-0.404657  -0.699081  1
0.550647  0.104243  1
-0.200950  -0.898293  2
-0.817995  0.448233  1
0.189499  -0.728304  1
-0.557725  0.288912  1
-0.939956  0.634330  3
0.477471  -0.219042  0
0.770904  0.821916  0
0.956106  0.442475  2
-0.779275  0.759638  0
-0.841130  0.371173  1
-0.630501  0.033444  3
-0.841787  -0.534577  1
0.322296  0.767604  0
0.039837  0.917639  2
-0.931477  -0.409517  0
0.021882  -0.132426  3
-0.307810  0.203887  1
-0.684193  0.881689  0
0.475583  -0.241919  0
0.170601  0.535627  0
-0.607589  -0.351928  0
-0.683414  -0.836685  1
-0.530012  -0.727308  1
0.605790  -0.309287  0
-0.967670  0.764661  3
-0.938114  -0.598171  2
-0.201895  -0.779901  1
-0.132749  -0.879599  2
0.987703  0.907088  2
-0.961959  -0.943773  2
-0.502429  0.059923  1
-0.076200  0.189761  3
-0.736190  0.239607  1
0.071450  0.739393  2
0.997688  -0.757948  3
0.275021  -0.609901  1
-0.109877  0.591606  0
-0.446585  0.360111  1
0.864298  -0.840795  3
-0.949176  0.896628  3
0.923866  -0.887290  3
-0.701543  -0.278029  0
-0.667191  0.165708  1
-0.157628  -0.679487  1
0.072796  -0.119587  3
-0.623261  0.570367  0
0.940336  0.300540  2
-0.239872  -0.795854  1
-0.459854  0.831579  0
0.943539  -0.462166  0
-0.926370  0.218560  3
-0.072066  -0.036247  2
-0.189834  0.481348  1
-0.676136  -0.325535  0
0.640554  -0.625312  1
-0.428907  0.564420  0
-0.512602  -0.130450  0
-0.713609  -0.179792  0
-0.964742  0.128763  3
0.140720  0.108054  2
-0.990824  0.517459  3
-0.321580  0.949512  3
-0.182001  0.438549  1
-0.846342  0.358145  1
0.270127  -0.902803  3
0.895980  0.343757  1
0.315757  -0.176087  0
-0.692489  -0.874077  1
-0.694738  -0.368625  0
-0.199613  0.945816  3
0.006063  0.371480  2
0.510235  0.493461  1
-0.758970  0.796626  0
-0.686331  -0.723713  1
-0.074610  0.454389  1
0.384341  -0.065434  3
-0.028151  -0.937239  2
-0.115922  0.789847  3
0.501310  0.037736  2
0.147993  -0.228563  0
0.134933  0.043973  2
-0.884806  -0.549311  1
0.867886  -0.577295  1
-0.423388  -0.826852  1
0.054080  0.376999  2
-0.881036  -0.939857  2
-0.251520  0.629199  0
0.553605  -0.010491  3
0.425825  0.867274  0
0.265797  -0.648785  1
0.321663  -0.349862  0
0.285780  -0.706488  1
-0.287101  -0.830142  1
-0.916641  -0.785791  2
0.207594  0.231352  1
-0.014353  -0.657473  2
-0.724676  0.100841  3
-0.206784  -0.856789  2
0.523546  0.369828  1
-0.683641  -0.422374  0
-0.253172  -0.564678  1
-0.362231  0.495307  1
-0.935479  -0.808626  2
-0.515184  0.490346  1
-0.941352  0.750613  3
0.841561  0.380311  1
-0.599249  0.127341  1
0.673822  0.113650  1
0.297199  0.757181  0
0.327859  -0.495207  0
-0.011467  -0.686494  2
-0.152681  0.263858  1
0.414347  0.640535  0
0.407068  -0.062107  3
0.010364  0.723427  2
0.515519  0.757191  0
-0.841251  -0.846712  2
0.252498  -0.776730  1
-0.655338  0.737315  0
0.713616  -0.596690  1
0.487928  0.555176  0
0.783621  0.888679  2
-0.317483  0.457443  1
0.002329  0.979717  2
0.214625  -0.669812  1
-0.515490  -0.796842  1
-0.356306  0.331829  1
0.467016  -0.941959  1
-0.027635  -0.125916  2
-0.004066  0.982728  3
-0.402490  -0.488547  0
0.739919  -0.243741  0
-0.335258  -0.007582  2
-0.020471  0.009404  3
-0.270268  -0.306855  0
0.412714  -0.782340  1
-0.751679  0.196336  1
-0.893661  -0.069161  2
-0.346221  0.108667  1
-0.089445  0.868404  3
0.438856  0.395065  1
-0.928438  -0.917450  2
-0.273106  0.538578  0
-0.859409  0.699258  0
-0.587339  0.136525  1
0.681987  0.010172  2
0.647979  0.421906  1
0.766431  -0.687280  1
-0.585676  -0.254040  0
0.322124  0.144056  1
0.439104  -0.265161  0
0.361716  0.687425  0
0.931175  0.468055  1
-0.381736  -0.415046  0
-0.423277  0.528819  0
-0.546642  -0.984422  2
-0.076116  -0.475080  0
-0.901872  0.650778  0
-0.936503  -0.761281  2
0.350036  -0.523841  1
0.375244  0.032023  2
0.486330  0.023223  2
-0.546071  0.252761  1
0.335943  -0.131748  0
0.998721  -0.341932  3
-0.987692  0.437825  3
0.392906  0.374025  1
0.125251  0.324081  1
-0.157920  0.743515  0
0.909034  0.418803  1
0.272334  -0.637608  1
0.434381  -0.803782  1
-0.112688  0.532510  0
0.846996  -0.049191  3
0.771229  0.197032  1
0.426968  0.146473  1
-0.770946  -0.086702  2
-0.830304  -0.317017  0
-0.833941  0.505640  0
0.551235  -0.835220  1
-0.836293  0.563543  0
0.602605  0.556613  0
-0.062432  -0.272145  2
-0.119306  0.779648  3
-0.528630  -0.210271  0
0.198451  0.743704  0
0.152121  -0.367168  0
0.939922  -0.960567  3
-0.834658  0.786917  0
-0.009758  0.936571  3
-0.016051  -0.582791  2
0.083044  0.213003  2
0.330507  0.252741  1
0.895986  0.496566  1
-0.241620  0.447221  1
0.661346  -0.077913  3
0.010764  0.263951  2
-0.521299  0.948332  3
0.991806  0.359395  2
0.727981  -0.536824  1
-0.850876  -0.073568  2
-0.793120  0.301245  1
0.559264  -0.853198  1
0.340677  0.724606  0
0.933719  -0.669081  3
0.661177  -0.082332  3
-0.251872  -0.255779  0
-0.869328  -0.921365  2
0.996962  -0.973343  3
0.575201  -0.244658  0
0.473878  0.236547  1
0.677430  -0.515358  1
-0.499502  -0.843870  1
-0.567025  -0.507696  1
0.515526  -0.839045  1
-0.044520  0.664649  3
0.087387  0.162360  2
-0.034106  -0.353348  2
0.309162  -0.693428  1
-0.628742  0.242881  1
-0.362509  -0.967565  2
-0.839450  0.385619  1
-0.223344  -0.708779  1
0.464254  -0.226382  0
-0.682122  0.039455  3
0.528961  0.791757  0
-0.723998  0.206390  1
-0.723601  -0.223500  0
0.362521  -0.290626  0
0.268803  -0.121954  0
-0.129671  -0.775717  2
-0.457304  0.957716  3
0.386643  0.508590  0
-0.395632  -0.304195  0
0.815162  -0.024374  3
0.938686  -0.547347  1
0.008061  -0.900764  3
0.838271  0.784717  0
-0.609543  0.302525  1
-0.441665  -0.291664  0
-0.658019  -0.912704  1
-0.499908  -0.382017  0
0.293686  -0.223509  0
0.394483  -0.343793  0
0.485865  -0.336714  0
0.534253  -0.643806  1
-0.112431  -0.923051  2
-0.686089  -0.725787  1
0.585540  -0.081721  0
-0.029982  0.400702  3
0.893905  -0.091296  3
0.853354  -0.098035  3
0.007941  0.691625  2
-0.313318  0.398398  1
-0.005849  0.245017  3
-0.893266  0.336131  1
0.332313  -0.393174  0
0.954114  -0.374000  3
0.383317  0.348597  1
0.282207  -0.130818  0
-0.988117  -0.183540  2
0.225376  -0.100547  3
-0.106591  0.539287  0
0.173665  -0.521051  1
-0.542434  -0.856317  1
0.879651  -0.648529  1
0.052388  0.733005  2
0.253436  -0.939672  3
0.424630  0.940118  0
0.458726  -0.581219  1
0.185136  0.565459  0
0.754913  -0.482551  0
-0.827715  0.709027  0
0.143448  0.555603  0
0.057624  -0.574345  3
-0.575215  0.069507  1
0.242115  0.650161  0
0.968960  -0.864476  3
0.189449  0.142625  2
-0.385527  0.647015  0
0.286309  -0.505876  1
0.998485  -0.661304  3
-0.772871  0.251921  1
-0.600976  0.651760  0
0.192039  0.857750  2
-0.929459  -0.622825  1
0.423210  0.825453  0
-0.105376  0.595495  0
0.534480  -0.961927  3
0.151098  -0.407896  0
-0.536273  0.575883  0
0.661612  0.705842  0
0.226044  0.630572  0
0.841367  -0.584507  1
-0.226803  -0.544160  1
-0.937492  -0.940494  2
-0.050036  -0.939007  2
-0.601798  0.177094  1
0.312914  -0.202774  0
-0.171147  -0.495046  0
-0.345023  -0.100606  0
-0.117871  -0.921813  2
-0.275153  0.776753  0
0.673682  -0.740673  1
0.814826  -0.175220  3
-0.148569  -0.721447  1
-0.599337  -0.486957  0
0.984396  0.626707  2
-0.856385  0.825763  3
-0.957800  -0.083188  2
-0.718397  -0.895293  2
-0.023682  0.231567  3
-0.834299  0.374520  1
-0.591339  0.478615  1
-0.828254  0.237514  1
0.983569  -0.173277  3
-0.863093  -0.134302  2
-0.095090  -0.138246  2
-0.357548  -0.421408  0
0.121081  -0.542723  1
0.403372  0.972513  2
-0.264169  0.804035  0
-0.514444  -0.279774  0
0.430742  -0.370830  0
-0.454011  0.472942  1
0.545982  -0.172408  0
0.577649  -0.477700  0
-0.940841  0.743350  3
0.896819  -0.532181  1
0.221965  -0.931435  3
0.705333  0.205534  1
-0.104712  0.842240  3
-0.928768  0.800198  3
-0.296006  -0.286316  0
-0.621210  0.825076  0
0.170961  0.782162  0
0.797588  0.906792  2
0.586196  -0.716856  1
-0.372982  0.016938  3
-0.087686  0.173007  3
-0.510120  -0.541704  1
-0.999401  -0.932472  2
-0.019404  -0.940242  2
0.810878  -0.122585  3
-0.472423  0.032843  3
-0.054020  -0.767090  2
-0.761624  0.841269  0
-0.924850  -0.690391  2
0.641467  -0.220855  0
0.023292  -0.979743  3
-0.395780  -0.805747  1
0.802418  -0.598192  1
-0.898955  0.388615  1
-0.315048  -0.271937  0
-0.594447  0.597266  0
0.901070  -0.104568  3
-0.944438  0.901669  3
-0.037039  0.036157  3
0.961426  -0.226161  3
0.913572  -0.510997  1
0.806682  -0.140448  3
-0.278087  -0.954942  2
-0.299179  -0.202936  0
-0.645333  -0.657712  1
0.576208  0.377959  1
-0.637456  -0.819572  1
0.572212  -0.835037  1
-0.417764  0.673257  0
0.553577  0.267188  1
-0.598680  0.959130  3
-0.135546  -0.697610  1
-0.145437  -0.079984  2
-0.795941  0.817524  0
0.956173  -0.834515  3
-0.408637  0.869746  0
-0.345512  -0.601955  1
-0.270702  0.376401  1
-0.556897  0.430119  1
-0.826535  -0.202230  0
0.772406  0.749673  0
-0.824271  -0.865049  2
0.930101  0.747941  2
-0.700087  -0.487662  0
0.421197  0.853491  0
0.779526  0.822517  0
0.812621  -0.356020  0
-0.875093  -0.332816  0
0.563996  -0.671034  1
-0.515292  0.520169  0
-0.505550  0.076071  1
0.389915  0.148938  1
0.474115  -0.880787  1
-0.474660  0.917218  0
0.549332  -0.301196  0
-0.285012  0.321738  1
-0.551523  -0.109283  0
0.456689  -0.621421  1
-0.361343  0.756602  0
-0.109084  -0.940145  2
0.610093  -0.329558  0
0.882372  0.422714  1
0.314423  -0.992721  3
-0.910102  -0.121581  2
-0.663755  -0.425394  0
-0.601412  -0.169305  0
0.650676  0.788503  0
0.979634  0.124792  2
0.907716  -0.495027  0
0.042010  0.457048  2
0.203778  0.756998  0
-0.221213  0.652255  0
-0.352285  -0.764524  1
-0.969166  0.286372  3
0.992078  -0.078250  3
0.346226  0.602171  0
0.592192  0.228598  1
0.024885  -0.093385  3
0.235877  0.114783  2
0.785034  0.572122  0
0.689389  -0.816378  1
-0.597183  0.340065  1
0.972125  -0.617549  3
-0.535143  0.879841  0
-0.112576  0.506867  0
0.336890  -0.908798  1
0.263865  -0.884324  3
0.743457  0.911580  2
-0.648848  0.774290  0
0.197952  -0.656770  1
-0.303960  -0.455822  0
0.945401  -0.711767  3
0.772776  -0.029714  3
0.194848  0.008654  2
-0.914931  -0.020118  2
-0.419224  0.774458  0
0.163504  -0.016407  3
0.114523  0.135629  2
0.366044  0.579380  0
0.015470  -0.746531  3
0.086246  -0.647640  1
-0.655329  -0.649888  1
-0.531964  -0.911873  1
-0.738309  -0.180812  0
0.862418  0.459643  1
0.162418  -0.441542  0
-0.996179  0.107819  3
-0.153309  0.776597  0
-0.921895  -0.958461  2
-0.214749  -0.836826  1
0.021420  0.366027  2
0.937632  -0.815076  3
-0.650379  0.052155  3
0.320553  0.715665  0
-0.368466  -0.663976  1
0.969134  0.717781  2
-0.311617  -0.686195  1
-0.932107  0.156419  3
-0.598068  -0.670416  1
0.975607  -0.735650  3
0.789227  0.138025  2
-0.177192  0.793048  0
-0.754156  0.669499  0
0.569646  -0.676051  1
0.711038  -0.645103  1
-0.512877  -0.267542  0
0.720924  -0.575245  1
-0.082618  -0.929455  2
0.476910  -0.762064  1
0.786211  -0.891556  3
-0.426041  0.755345  0
0.826225  0.262343  1
-0.930851  0.894118  3
-0.581238  -0.528919  1
-0.776298  -0.605631  1
-0.264569  -0.987071  2
0.532394  0.558239  0
0.805977  0.778238  0
0.227737  0.375623  1
-0.897813  -0.061225  2
0.730520  -0.410691  0
0.671233  0.451444  1
0.014064  -0.411385  3
0.521990  -0.509026  1
-0.173449  0.308200  1
-0.400582  0.400510  1
0.063545  -0.574357  1
-0.337147  0.132694  1
-0.680239  0.081615  3
0.603775  -0.456537  0
0.475984  -0.660794  1
-0.443608  0.008378  3
0.897444  -0.637631  1
-0.213384  0.125182  3
0.737991  -0.111198  3
-0.936043  0.468511  1
0.478112  0.735190  0
-0.080045  -0.507824  1
-0.676195  -0.558055  1
-0.016850  0.150356  3
0.750145  0.582568  0
-0.449134  -0.186310  0
-0.991789  0.213719  3
0.946385  -0.672028  3
-0.704666  0.550160  0
-0.128565  0.771318  3
0.889366  0.427827  1
-0.220304  0.786810  0
0.790196  0.566312  0
-0.088008  0.528187  0
-0.544886  -0.024052  2
-0.003302  0.933226  3
-0.288862  0.916654  3
-0.574598  0.034943  3
-0.641401  0.408551  1
-0.814701  -0.891256  2
-0.008880  -0.263834  2
-0.077566  -0.000669  2
0.949885  -0.131181  3
0.327303  -0.754781  1
-0.581021  -0.801261  1
-0.983462  -0.691656  2
0.626566  -0.203766  0
-0.904846  0.416762  1
-0.637454  0.007146  3
-0.055052  -0.182340  2
0.983094  0.941647  2
-0.249114  -0.305768  0
0.858300  0.176288  2
0.729175  -0.783101  1
-0.415161  0.914475  0
-0.674357  0.575958  0
-0.349359  0.248077  1
-0.424711  -0.399474  0
-0.883104  0.902593  3
-0.154255  -0.464126  0
-0.898669  -0.137717  2
-0.155781  0.727897  0
0.658516  -0.060627  3
0.144659  -0.978938  3
0.946519  -0.910393  3
-0.161278  0.929613  3
-0.968746  0.589608  3
-0.376155  0.889554  0
-0.234105  -0.646979  1
-0.893548  0.350734  1
-0.732504  -0.567905  1
-0.073307  -0.081864  2
0.680172  0.501982  0
0.518662  0.797068  0
0.404575  -0.635593  1
-0.667058  0.505906  0
0.226690  0.177161  1
0.233803  -0.114794  3
-0.883467  -0.621538  1
-0.093732  -0.936948  2
-0.531931  0.744990  0
0.992665  -0.500678  3
0.334598  -0.383490  0
-0.611124  -0.899506  1
-0.030469  -0.504672  2
0.451228  0.237026  1
-0.072577  -0.622079  1
-0.844838  -0.392406  0
0.879903  0.673824  0
-0.595338  0.284478  1
-0.961769  -0.262396  2
-0.209616  0.264921  1
0.914764  -0.975813  3
-0.849873  -0.968702  2
-0.597352  0.056396  3
-0.905650  -0.129283  2
-0.198614  -0.912986  2
0.370039  -0.864015  1
-0.296475  0.758915  0
-0.763521  0.673056  0
-0.745757  0.687707  0
-0.089918  0.181666  3
-0.934372  0.065244  3
0.789260  0.945531  2
-0.260931  -0.806078  1
0.230008  -0.222700  0
-0.068474  -0.979608  2
-0.957779  -0.153709  2
-0.955422  -0.807651  2
-0.122412  -0.552773  1
0.248744  -0.028062  3
0.317944  -0.949869  3
0.058952  -0.312017  3
-0.813885  0.762477  0
-0.553102  -0.577406  1
0.435533  -0.298859  0
-0.889699  -0.654386  1
0.882806  -0.824072  3
0.410859  0.672067  0
-0.878541  -0.850073  2
0.865989  0.351467  1
-0.072773  -0.202485  2
0.371858  -0.030551  3
0.643806  0.416437  1
0.161797  -0.478606  0
0.863664  -0.589458  1
0.493331  0.181607  1
-0.539328  -0.447716  0
0.869590  -0.353212  0
-0.685239  -0.683512  1
0.069382  0.750293  2
0.017628  0.179682  2
-0.904092  -0.099566  2
0.355610  0.506766  0
-0.427499  0.477069  1
0.656694  -0.561510  1
-0.171465  -0.416079  0
0.236005  -0.799606  1
0.553370  -0.120190  0
0.616831  -0.284833  0
0.401204  0.480495  1
0.125708  -0.105465  3
-0.337898  0.586381  0
0.446819  -0.468308  0
-0.766832  0.761580  0
-0.151820  0.302550  1
0.511873  0.865808  0
-0.517768  0.607781  0
-0.233757  0.837842  0
0.114547  0.338744  1
0.314911  -0.228759  0
0.777233  -0.856554  3
0.355162  0.013238  2
-0.656160  -0.091468  0
0.893048  0.960671  2
0.623699  0.294252  1
0.441165  -0.250593  0
-0.811213  -0.896733  2
-0.664212  0.635606  0
-0.365041  -0.431044  0
0.397186  0.483139  1
0.871506  -0.090941  3
0.348947  -0.646262  1
-0.483160  -0.884810  1
-0.808420  0.631387  0
0.453933  0.506491  0
-0.597372  0.231167  1
0.649937  0.757790  0
-0.755595  0.993776  3
-0.333678  -0.862547  1
0.954447  -0.709979  3
0.431705  0.395612  1
0.039428  0.620492  2
0.498880  0.375216  1
0.256099  -0.866161  1
0.944172  -0.346715  3
0.616978  0.815678  0
0.562344  -0.034074  3
-0.830584  -0.920817  2
0.081116  -0.639004  1
0.710570  -0.464951  0
0.867487  -0.886802  3
0.766216  0.517423  0
0.870987  -0.989379  3
0.511200  -0.462691  0
-0.851926  0.465647  1
-0.172670  0.579779  0
-0.138741  0.866758  3
0.200271  -0.639861  1
0.241974  -0.543630  1
-0.506022  0.186146  1
0.109655  -0.889043  3
0.001824  -0.328001  3
0.076882  0.171240  2
-0.248818  -0.842002  1
0.532236  -0.538248  1
-0.306953  0.399723  1
-0.425050  -0.540737  1
-0.082854  -0.554063  1
-0.530117  -0.571654  1
-0.016753  -0.382043  2
0.893993  0.810576  2
-0.802264  -0.244748  0
0.677334  0.398007  1
0.115391  -0.080692  3
0.854377  0.609370  0
-0.894546  -0.035968  2
0.720327  0.107278  2
0.636031  -0.202791  0
-0.721483  -0.612787  1
-0.044793  0.810753  3
-0.151035  0.648254  0
0.210476  0.423915  1
-0.892483  -0.872378  2
0.869852  -0.422600  0
-0.444032  -0.146901  0
0.195357  -0.550039  1
-0.336325  0.393093  1
0.205213  -0.658991  1
-0.208901  -0.679395  1
0.260317  -0.354524  0
0.929975  0.365771  2
0.609508  0.650301  0
-0.526952  0.245539  1
-0.552490  -0.248434  0
0.632751  0.402717  1
-0.437681  -0.518284  1
0.050971  0.772795  2
0.905631  0.158488  2
0.900417  0.775483  2
0.735888  -0.543615  1
-0.371418  -0.068755  2
-0.093654  0.292256  3
-0.675662  -0.888441  1
0.633266  0.115437  1
-0.567836  -0.106417  0
0.760913  -0.637862  1
-0.740647  0.370422  1
-0.987560  -0.267598  2
-0.384040  -0.540050  1
0.483967  -0.751288  1
0.862667  -0.953714  3
-0.269572  -0.086362  2
0.819081  -0.363941  0
-0.927874  0.719498  3
-0.588458  0.808014  0
-0.824117  0.040124  3
-0.260741  0.082229  3
-0.667620  0.063597  3
0.193788  0.965646  2
-0.820966  0.625951  0
-0.140772  0.939947  3
0.988090  0.118582  2
0.310369  -0.999471  3
0.850984  0.926329  2
-0.539521  0.334951  1
-0.824959  -0.676854  1
0.381237  -0.094530  0
0.236784  0.200318  1
0.541529  0.308910  1
-0.080185  0.953071  3
0.116924  0.095698  2
-0.006806  0.856184  3
-0.822073  0.325575  1
-0.080220  0.371714  1
0.291220  0.098814  2
-0.002335  -0.849551  2
0.038761  -0.014245  3
0.269030  -0.650870  1
-0.013716  0.120014  3
-0.724540  0.446764  1
-0.545035  -0.549499  1
0.769909  0.836201  0
0.355970  0.006693  2
0.036519  -0.102501  3
-0.684397  0.956334  3
-0.149430  0.432528  1
0.052032  0.843764  2
0.288711  0.229959  1
0.169339  -0.791508  1
-0.398327  -0.539441  1
0.307306  0.599338  0
-0.388992  -0.653933  1
-0.414907  0.880038  0
-0.304802  0.571378  0
0.000052  -0.029343  3
0.018141  0.455017  2
0.421158  -0.211949  0
0.291218  -0.222872  0
0.794744  -0.672264  1
0.674627  -0.889653  1
-0.715929  -0.474803  0
0.542875  0.336103  1
-0.631039  -0.168414  0
-0.433939  0.538300  0
0.040077  0.167734  2
0.998859  -0.652617  3
-0.232928  -0.390133  0
-0.306549  0.352166  1
-0.510095  0.388648  1
-0.076456  0.489957  1
-0.640695  0.941685  3
-0.055027  0.780463  3
-0.270264  -0.763809  1
-0.442409  -0.475520  0
-0.436072  -0.767781  1
-0.365173  -0.152002  0
-0.242584  -0.822299  1
-0.815899  0.126377  3
0.009287  -0.249838  3
-0.335322  -0.950635  2
0.917897  -0.336463  3
-0.603252  -0.315031  0
0.273403  0.090199  2
-0.962865  0.763308  3
-0.521153  -0.039321  2
0.253265  -0.161848  0
-0.097636  -0.801762  2
-0.381385  0.632100  0
-0.565571  0.176206  1
-0.843420  -0.001643  2
0.408425  -0.208593  0
0.846355  -0.834159  3
-0.030892  -0.969544  2
0.292218  0.978395  2
-0.219381  0.956896  3
-0.972240  -0.301485  2
-0.379568  -0.575492  1
0.383484  0.893836  0
0.514707  0.420619  1
0.657143  0.993553  2
-0.618703  -0.089592  0
-0.168295  0.283661  1
0.108646  0.450320  1
-0.084239  0.543076  0
-0.373474  0.072341  1
-0.458567  -0.965049  2
0.863747  -0.612212  1
-0.799209  -0.167145  2
-0.581756  0.493010  1
-0.188749  0.198863  1
0.449905  -0.160989  0
0.897378  -0.929662  3
0.263519  0.280862  1
0.964173  -0.221775  3
-0.298519  0.621317  0
-0.228221  0.082778  3
-0.468275  0.603483  0
-0.633561  0.640371  0
0.053803  0.282200  2
0.183447  0.680329  0
-0.645459  0.724880  0
0.715280  -0.781711  1
-0.887332  0.916071  3
0.051144  -0.469088  3
0.409081  0.862395  0
0.729775  -0.141014  0
-0.298594  0.627152  0
-0.070676  0.964925  3
-0.091986  -0.106503  2
-0.256850  0.609495  0
-0.485186  0.514929  0
-0.307727  0.046539  3
0.118412  0.058712  2
-0.313090  -0.827785  1
-0.659088  0.870358  0
0.852544  -0.304546  0
0.595237  0.567824  0
-0.086258  0.707905  3
0.483895  0.964886  2
-0.761183  -0.107024  2
0.827281  0.968592  2
0.751962  -0.471313  0
0.595744  -0.318714  0
-0.506388  -0.496242  0
0.574783  0.236762  1
-0.886747  -0.910403  2
-0.248309  -0.194474  0
0.136136  0.870103  2
0.864238  0.823047  2
-0.957681  -0.794850  2
0.693404  0.894863  0
-0.099396  0.288642  3
0.462687  0.814346  0
-0.003453  -0.053418  2
0.779232  0.235364  1
0.839558  0.606513  0
0.203956  0.591520  0
-0.864800  -0.200300  2
-0.727194  -0.371188  0
0.303459  0.847590  0
0.865574  0.416712  1
0.937187  -0.382736  3
-0.777762  0.073323  3
-0.512632  -0.913524  1
-0.103630  -0.470314  0
-0.708373  -0.410225  0
-0.575451  0.192231  1
0.878417  0.887236  2
0.006577  -0.125036  3
-0.166182  -0.214191  0
-0.889672  -0.326624  0
-0.607678  0.314284  1
-0.735103  -0.472477  0
-0.886015  -0.462297  0
0.156334  0.417444  1
-0.614707  0.021908  3
-0.165844  -0.677520  1
0.639173  0.056394  2
0.395804  -0.873460  1
0.142871  -0.707826  1
-0.343774  0.434498  1
-0.118051  0.080775  3
-0.373272  -0.239634  0
-0.031988  0.633305  3
0.635329  0.801830  0
-0.580886  0.745658  0
-0.524794  -0.188563  0
0.059942  -0.259897  3
0.338959  0.173927  1
0.277806  -0.504706  1
-0.408630  0.663099  0
0.517202  0.425526  1
0.985580  0.156374  2
-0.518079  0.381383  1
0.282915  0.624791  0
0.673557  0.939141  2
0.059289  -0.444494  0
0.019916  0.686017  2
0.315872  0.987928  2
0.319323  -0.048799  3
0.789758  0.738437  0
-0.303141  -0.735036  1
-0.450126  0.756801  0
0.005067  0.888833  2
-0.069272  -0.717126  2
-0.615873  0.522098  0
0.945973  0.901329  2
-0.052375  0.931553  3
0.057703  0.429545  2
0.312936  -0.659382  1
0.054336  -0.013507  3
-0.720242  -0.886375  1
0.542000  0.299675  1
0.799643  -0.142128  3
0.287603  0.118966  1
0.809073  0.077361  2
-0.142597  -0.494068  0
0.342325  0.407277  1
-0.737267  -0.652608  1
0.296110  0.193461  1
-0.369734  0.680237  0
-0.284441  -0.423761  0
0.581565  0.663184  0
-0.492208  -0.360732  0
0.092729  0.820728  2
-0.020114  -0.852935  2
-0.192779  0.259644  1
-0.739309  -0.650779  1
-0.440681  -0.939667  1
0.207093  0.846922  2
0.179299  0.016165  2
-0.075718  -0.963298  2
0.522097  -0.733393  1
0.443979  0.784830  0
-0.386001  -0.259911  0
-0.021709  0.244265  3
-0.579675  0.693850  0
0.820504  -0.998109  3
0.357034  -0.671704  1
-0.358841  -0.550237  1
-0.850976  0.621045  0
-0.403172  -0.043755  2
-0.119310  -0.142481  2
0.305466  0.440009  1
-0.082148  -0.487441  0
0.286930  -0.902849  3
0.528724  -0.788788  1
-0.866147  0.050821  3
-0.522181  0.577832  0
-0.164348  0.091819  3
-0.682080  0.813943  0
-0.663916  -0.261754  0
0.507794  -0.843412  1
-0.259863  -0.135172  0
-0.515115  0.381296  1
0.314591  -0.366091  0
0.002341  0.911419  2
0.590154  0.883031  0
-0.231063  -0.104380  2
0.323039  0.686789  0
0.408179  -0.390031  0
0.783941  -0.063097  3
-0.178819  0.917794  3
0.987724  0.299001  2
0.495626  -0.176624  0
-0.609181  0.813546  0
-0.362681  -0.273097  0
-0.448208  -0.854887  1
-0.116508  0.291929  1
0.009941  0.368376  2
-0.326775  -0.675469  1
-0.997715  0.675566  3
-0.764050  0.592439  0
0.558596  0.004887  2
-0.511941  -0.118364  0
-0.308324  0.896238  0
0.491605  -0.524383  1
-0.166859  -0.687214  1
-0.606589  -0.179135  0
0.611787  0.889037  0
0.644242  -0.997394  3
0.702583  -0.718439  1
-0.270491  -0.745624  1
-0.573326  0.613001  0
0.546304  0.436615  1
-0.018623  -0.780471  2
0.761146  -0.016338  3
0.895095  0.997096  2
-0.423899  0.453691  1
0.001983  0.064160  2
-0.664673  0.693660  0
-0.039602  0.826932  3
-0.830723  0.793539  0
-0.860282  -0.437312  0
-0.385595  0.751505  0
-0.548275  -0.741354  1
0.754111  -0.845692  1
-0.459793  -0.516380  1
-0.591316  -0.033119  2
-0.903379  0.954988  3
-0.596504  0.077998  1
-0.825483  -0.835358  2
-0.938340  -0.930388  2
-0.838261  -0.362240  0
0.523304  0.163722  1
0.701921  0.858631  0
-0.142619  -0.337681  0
0.685563  0.026658  2
-0.544142  0.825281  0
0.589346  0.070263  1
0.576786  -0.958929  3
0.328909  0.330897  1
-0.804621  0.869116  3
0.814517  -0.395938  0
-0.164003  0.911138  3
-0.440950  0.239493  1
-0.010864  -0.266432  2
0.404136  0.050795  2
-0.196820  0.565874  0
0.688555  -0.673517  1
-0.270404  0.390476  1
-0.814886  0.586977  0
-0.947205  0.870677  3
-0.386364  -0.491347  0
0.695958  -0.797018  1
0.578915  0.272745  1
-0.755948  -0.092176  2
-0.396358  -0.560569  1
-0.223060  -0.581841  1
0.043493  0.612937  2
-0.670703  0.602544  0
-0.147570  0.318432  1
-0.663889  -0.743435  1
-0.630773  0.139291  1
0.822440  -0.942217  3
0.465775  -0.447964  0
0.448259  0.650889  0
-0.860987  0.501053  0
0.521567  -0.247351  0
-0.990294  0.217525  3
-0.044370  0.588622  3
-0.509730  0.199682  1
-0.503554  0.093911  1
0.639114  0.273386  1
0.512070  -0.317393  0
-0.113678  0.841367  3
-0.714849  0.738752  0
0.159799  -0.378738  0
0.995318  0.529027  2
0.760553  0.817757  0
0.586809  0.226328  1
-0.630207  0.035068  3
-0.122783  -0.491194  0
-0.463878  -0.601216  1
0.261454  -0.454172  0
0.616309  -0.782915  1
-0.865550  -0.893421  2
0.416767  -0.369104  0
0.200490  0.055881  2
0.904281  -0.287440  3
0.738488  -0.209396  0
-0.446073  -0.976362  2
-0.470644  0.713727  0
-0.355099  -0.475326  0
0.242753  -0.594546  1
-0.657569  -0.170437  0
0.631782  -0.287776  0
0.864631  -0.491000  0
0.221030  -0.599248  1
-0.092216  -0.517516  1
-0.053420  -0.475907  2
-0.300431  0.081030  3
-0.369329  -0.883664  1
0.711926  0.831161  0
0.172217  0.616207  0
-0.456278  -0.089295  0
-0.593189  0.097649  1
-0.065657  -0.063833  2
-0.188624  0.579244  0
0.460841  -0.945871  3
0.984698  0.803272  2
-0.116308  0.616480  0
-0.484504  -0.251677  0
-0.874520  0.736526  0
0.149076  0.033263  2
-0.780989  -0.904344  2
0.557356  -0.081420  0
0.176686  -0.811973  3
0.034916  -0.111389  3
-0.980811  -0.792867  2
-0.495182  -0.437090  0
0.117837  -0.088371  3
0.660560  -0.947819  3
0.847796  -0.528064  1
0.631424  0.308637  1
-0.473935  0.616122  0
0.111910  0.409758  1
0.232603  0.627406  0
-0.841919  0.358082  1
0.363933  0.307156  1
-0.608654  0.582943  0
0.402812  0.948702  2
-0.498477  -0.420502  0
-0.863271  0.536439  0
0.468109  -0.844082  1
0.743572  0.972928  2
-0.281172  -0.138591  0
-0.115443  -0.620612  1
-0.086410  -0.267646  2
-0.148676  -0.454986  0
-0.959009  0.377389  3
-0.838863  0.152901  3
-0.212853  0.393739  1
-0.219693  -0.054772  2
-0.248178  -0.855760  1
-0.747616  0.143167  1
0.727184  0.655196  0
0.091869  -0.771293  3
-0.765306  0.228598  1
0.765146  0.702803  0
0.384516  0.508718  0
0.675731  -0.896656  1
-0.629873  -0.439712  0
-0.517268  0.283717  1
0.292641  0.334056  1
0.828731  0.333632  1
-0.288554  0.989868  3
-0.513466  0.498592  1
0.383607  0.266841  1
-0.556180  -0.864571  1
0.411081  -0.303796  0
0.278597  0.138265  1
-0.648600  -0.629534  1
0.366972  -0.413907  0
0.599064  0.132117  1
-0.711104  -0.016420  2
-0.359165  0.964626  3
0.086924  0.010962  2
-0.475086  0.569657  0
-0.705321  0.817555  0
-0.096287  -0.876589  2
0.151188  0.615159  0
-0.886721  0.637721  0
0.113751  0.496886  1
-0.095438  0.557572  0
0.632315  -0.684356  1
-0.746225  -0.089088  2
0.453908  -0.394825  0
0.281378  -0.179120  0
0.191268  -0.119559  3
0.952997  0.480164  2
0.864022  -0.406167  0
0.444790  -0.049054  3
0.604795  0.969704  2
-0.479397  0.899474  0
0.787259  0.424316  1
-0.977115  -0.061553  2
0.039475  -0.863836  3
-0.423831  -0.846774  1
0.633050  0.480731  1
0.710798  0.265365  1
0.796374  0.964573  2
-0.823723  0.250283  1
-0.430252  0.457654  1
-0.928837  0.761016  3
-0.661904  -0.975840  2
0.241180  -0.797882  1
-0.382007  -0.314030  0
0.153064  -0.777212  1
-0.344326  0.673666  0
-0.877738  -0.557067  1
0.097983  -0.854854  3
0.381380  -0.862542  1
-0.718690  0.957549  3
-0.709316  0.914360  3
0.438280  -0.998518  3
0.179725  0.234654  1
0.966056  0.356002  2
-0.515063  -0.464196  0
-0.186344  -0.443900  0
-0.703180  0.151752  1
-0.419740  0.537999  0
0.353870  0.198253  1
-0.776031  -0.493067  0
0.421041  -0.120357  0
-0.819400  0.543302  0
0.322576  0.278582  1
0.688448  -0.296044  0
0.416040  0.969758  2
-0.338495  0.706725  0
0.884118  -0.900216  3
0.708207  0.063842  2
0.334438  0.674263  0
-0.580156  0.819375  0
-0.789934  0.233500  1
-0.624525  -0.493114  0
-0.614748  -0.044265  2
-0.955114  0.739122  3
-0.846012  -0.731146  1
-0.753945  0.575029  0
0.148497  -0.573345  1
0.118331  -0.528927  1
0.705237  -0.193221  0
0.175029  0.121277  2
-0.223463  0.836533  0
-0.171998  -0.339345  0
0.936317  -0.463791  0
0.724497  0.270756  1
-0.789529  -0.855659  2
0.090131  -0.579462  1
0.377841  0.465605  1
-0.072576  0.763093  3
-0.578659  -0.027691  2
0.502216  -0.424671  0
0.241164  0.748271  0
-0.849643  -0.610339  1
-0.825074  0.268688  1
-0.139266  0.880163  3
-0.924533  -0.964237  2
0.001440  -0.147996  3
0.872296  0.829442  2
0.512659  0.808613  0
-0.634349  0.237156  1
0.079369  -0.423877  0
0.381497  -0.830501  1
-0.003340  -0.240662  2
0.635105  0.924084  0
-0.477569  -0.943555  1
-0.103607  -0.975353  2
-0.368226  -0.862443  1
0.772918  -0.217869  0
-0.472782  0.947843  3
-0.949181  0.387951  3
0.828006  -0.873714  3
0.423714  -0.170554  0
-0.021710  0.296010  3
-0.341111  -0.509052  1
0.104623  0.024540  2
0.728104  -0.816008  1
0.600663  0.109601  1
-0.646509  -0.402677  0
0.868938  0.988596  2
-0.478594  -0.608630  1
-0.954959  0.417799  3
-0.583984  -0.323185  0
0.555356  -0.811066  1
0.458947  -0.917427  1
-0.863223  0.509766  0
0.470525  0.964783  2
0.636052  -0.105761  0
-0.205770  -0.385658  0
-0.809752  0.453118  1
0.105290  0.294871  1
-0.522342  -0.166606  0
0.478863  -0.921679  1
0.942995  0.832354  2
-0.324356  0.811933  0
0.820950  0.197050  1
-0.796697  0.865992  3
-0.385151  -0.380681  0
-0.457193  -0.829795  1
-0.191747  -0.998246  2
-0.747222  -0.054970  2
0.511520  0.723303  0
-0.090187  0.147571  3
-0.382458  0.704043  0
0.761913  -0.192210  0
0.157161  -0.132797  3
-0.897339  0.634820  0
0.700597  0.581525  0
0.713140  0.643592  0
0.413879  -0.611216  1
0.455525  0.234829  1
0.585834  0.658827  0
0.100821  -0.799317  3
-0.721854  0.643628  0
-0.629112  0.086400  1
0.645382  -0.376334  0
-0.968570  0.156902  3
-0.653031  -0.058757  2
-0.695527  -0.035489  2
-0.354714  -0.933614  2
0.772301  0.802447  0
-0.066411  0.874962  3
0.437266  -0.365813  0
0.456487  0.150407  1
-0.722222  -0.129634  0
0.539191  0.733303  0
-0.894804  0.125024  3
0.392130  0.206017  1
0.325707  0.670277  0
-0.150355  0.696595  0
-0.243324  -0.504973  1
-0.679738  -0.211894  0
0.651929  -0.332769  0
0.729349  0.956402  2
0.631742  -0.625365  1
-0.977212  0.404043  3
-0.822918  -0.043622  2
0.279005  0.614348  0
0.590564  -0.264507  0
-0.235245  0.868343  3
0.605859  -0.696055  1
0.601646  0.711054  0
0.428970  -0.006223  3
-0.082929  -0.245323  2
-0.335946  0.766716  0
-0.548728  0.420730  1
-0.738257  -0.228466  0
-0.791164  0.913672  3
0.438765  0.938185  0
0.870075  0.070507  2
-0.687180  0.892863  0
-0.525450  -0.510098  1
-0.150759  0.753555  0
-0.895750  -0.560195  1
-0.510952  -0.130995  0
-0.691852  -0.905093  2
0.172950  0.909794  2
0.805961  -0.398080  0
-0.096429  -0.276968  2
0.356597  0.567624  0
-0.510252  0.807869  0
-0.011646  -0.248508  2
-0.420597  0.197191  1
-0.334836  -0.981832  2
0.135376  -0.464762  0
0.088675  0.448196  1
-0.571899  0.563225  0
0.938098  0.277342  2
0.316780  -0.957652  3
0.717147  0.805828  0
-0.088647  -0.974705  2
0.900735  -0.915697  3
0.935089  0.706696  2
-0.313777  -0.161340  0
-0.570272  -0.957181  2
-0.593716  -0.080523  0
0.850688  0.394638  1
0.670968  -0.569909  1
-0.408171  -0.663868  1
-0.551741  0.727205  0
-0.128629  0.536934  0
0.175401  0.299472  1
0.100159  0.113499  2
-0.423186  -0.583060  1
0.155848  -0.706039  1
-0.777232  -0.932799  2
-0.680744  -0.876496  1
-0.848496  -0.745654  1
0.830200  -0.162273  3
0.093006  -0.740072  3
-0.119453  0.499290  1
0.179405  -0.268765  0
-0.106072  -0.149627  2
0.161326  0.485757  1
0.186506  0.609586  0
0.212961  -0.942124  3
0.146520  -0.611637  1
0.357348  -0.753320  1
0.501862  0.934162  0
-0.336380  -0.342290  0
-0.771877  -0.113612  2
-0.275089  -0.452620  0
0.009892  -0.123585  3
-0.198275  -0.159908  2
0.714142  0.894731  2
0.100020  -0.405311  0
0.394020  -0.720575  1
0.325924  -0.712052  1
0.129799  -0.512750  1
0.773705  -0.683696  1
-0.903164  -0.013334  2
-0.625820  0.243356  1
0.375029  0.731529  0
0.490036  -0.123109  0
0.665691  -0.846344  1
0.534601  0.893814  0
0.040044  -0.740489  3
-0.558806  -0.950065  2
0.135927  0.242919  1
-0.109973  -0.149931  2
0.137650  0.990047  2
0.444758  -0.468330  0
-0.730528  -0.229318  0
-0.180381  0.399271  1
0.257932  -0.406676  0
0.715575  0.354769  1
0.579990  -0.910244  1
-0.401875  -0.044981  2
0.821284  -0.911839  3
0.831910  0.486975  1
-0.758183  0.366510  1
0.380789  0.281861  1
0.626022  0.821983  0
0.331796  -0.238052  0
0.064902  -0.778177  3
0.612017  -0.797448  1
-0.788129  0.056775  3
-0.265778  -0.518657  1
0.827457  0.553841  0
0.880614  0.085390  2
-0.852836  0.596189  0
-0.559842  0.727154  0
0.685945  0.038284  2
-0.317827  0.507229  0
0.126445  -0.485918  0
-0.005796  0.368262  3
0.880593  -0.625008  1
-0.349877  0.506614  0
-0.803025  0.981919  3
-0.731437  0.261877  1
-0.796258  0.880580  3
0.464428  -0.584387  1
-0.062644  -0.801350  2
-0.103044  -0.235187  2
0.752491  -0.222430  0
0.850203  0.899655  2
-0.626241  -0.709639  1
0.626809  -0.940296  3
0.328645  -0.691018  1
0.566933  -0.544910  1
-0.176936  -0.438863  0
0.823352  -0.296343  0
-0.063871  -0.526526  1
-0.789729  0.133105  3
-0.544607  -0.521166  1
-0.605019  -0.340865  0
-0.640585  0.859410  0
0.074748  0.296770  2
-0.941940  0.971704  3
-0.938417  0.810551  3
-0.250726  0.911786  3
0.710206  0.123033  1
-0.797853  0.337015  1
0.182738  0.530792  0
0.645997  -0.250329  0
0.985882  -0.530939  3
0.310808  0.809234  0
0.172718  -0.753063  1
-0.717292  0.382990  1
0.380042  -0.261898  0
0.861824  0.775023  2
0.397237  -0.778762  1
0.634433  -0.528015  1
0.518009  0.692493  0
-0.556311  0.579592  0
0.503043  0.192963  1
0.491378  0.213249  1
-0.684003  0.693525  0
-0.449736  0.498734  1
0.224317  -0.803739  1
-0.751595  0.210199  1
-0.334678  0.559213  0
0.019433  0.838040  2
0.806150  0.302142  1
0.221029  0.186192  1
-0.959757  0.082853  3
-0.038785  0.437480  3
0.304091  -0.404352  0
0.909465  -0.177900  3
-0.711859  -0.646845  1
-0.598308  0.791184  0
0.546118  0.893069  0
0.004433  0.862115  2
0.586594  0.554697  0
0.360849  -0.189088  0
0.750958  0.609255  0
-0.978889  -0.583721  2
0.168468  0.040544  2
-0.745681  -0.025382  2
-0.657314  0.475348  1
-0.839189  -0.617071  1
-0.441799  0.122026  1
0.820410  0.862292  2
0.717674  0.729875  0
-0.315608  -0.994185  2
-0.916970  0.086084  3
0.796999  0.629148  0
-0.020847  -0.198568  2
0.491262  -0.434252  0
-0.643870  -0.147888  0
0.376659  -0.892913  1
-0.538634  0.397770  1
-0.476634  0.629834  0
-0.561686  -0.222315  0
-0.395548  -0.219000  0
-0.746967  -0.234737  0
0.163930  -0.188766  3
0.887289  -0.015661  3
-0.326474  0.604963  0
-0.285786  0.357918  1
0.610778  -0.202756  0
-0.555998  0.407777  1
-0.573609  0.423155  1
-0.790791  0.917654  3
0.988903  -0.434661  3
-0.230235  0.365562  1
-0.327574  0.231131  1
-0.236668  0.195792  1
-0.139035  0.201647  3
0.973477  0.465418  2
0.982647  -0.773490  3
-0.769320  0.146577  1
0.037744  -0.882031  3
-0.869084  0.711270  0
0.722932  -0.154869  0
0.069188  0.333710  2
0.642374  0.513191  0
-0.258513  -0.931234  2
-0.063654  -0.049304  2
0.986420  -0.074751  3
0.516035  -0.243815  0
-0.709189  -0.811539  1
0.987317  0.054143  2
0.384253  -0.151718  0
-0.744210  0.357730  1
-0.686301  -0.761563  1
0.584240  -0.455620  0
0.385014  -0.378016  0
-0.337651  0.515931  0
-0.666746  -0.614720  1
-0.638939  0.402442  1
0.718990  -0.996565  3
-0.084367  -0.539523  1
-0.927799  0.851978  3
0.411173  -0.941379  3
-0.222773  -0.072793  2
-0.185194  0.068038  3
0.115668  -0.197877  3
-0.877819  -0.500079  1
0.650405  -0.622029  1
0.857651  0.964104  2
-0.383592  0.441891  1
-0.491516  -0.998578  2
-0.936125  0.170833  3
0.517353  -0.602871  1
0.556113  0.878414  0
0.799571  0.275103  1
0.881849  -0.284796  0
0.735580  0.954051  2
-0.432818  0.146752  1
-0.987328  0.344409  3
-0.926040  -0.172522  2
-0.587553  0.189628  1
0.629601  -0.465372  0
0.689549  0.280006  1
-0.087401  0.547200  0
0.244110  0.529007  0
-0.010909  0.752594  3
0.530429  0.052966  2
-0.076573  0.047782  3
0.450095  -0.520460  1
-0.073804  0.249666  3
0.754643  -0.191955  0
0.964869  0.490223  2
-0.237904  -0.467949  0
-0.363025  -0.225232  0
0.876460  -0.289065  0
0.602246  -0.711093  1
0.900563  0.231847  2
-0.176465  0.590111  0
-0.488147  0.736134  0
0.137311  0.755964  0
0.265142  -0.873598  1
0.508558  -0.204429  0
0.179368  -0.568015  1
0.843353  -0.370537  0
-0.088475  -0.230451  2
0.879128  -0.333832  0
0.577595  0.843998  0
-0.843609  -0.660309  1
-0.623951  -0.206634  0
0.114459  -0.747491  3
0.504301  -0.283295  0
-0.458584  0.404863  1
0.948552  0.364952  2
-0.005025  -0.539594  2
0.101086  -0.867714  3
-0.783631  -0.633772  1
-0.741312  0.724927  0
0.161799  0.438056  1
-0.843088  0.005152  3
-0.932481  0.068437  3
0.774702  0.946647  2
0.734605  0.352296  1
0.790645  0.890995  2
0.691987  -0.833306  1
-0.315639  -0.193554  0
-0.580797  -0.811338  1
0.523151  -0.039381  3
0.593525  0.471703  1
-0.674429  -0.411500  0
0.932109  0.426657  1
-0.279215  -0.851522  1
0.792884  -0.020527  3
0.873406  -0.045317  3
-0.582471  -0.969683  2
0.959836  -0.514952  3
0.098754  0.734537  2
-0.568305  -0.166641  0
0.086833  -0.777660  3
-0.275646  -0.221179  0
-0.610967  0.408715  1
0.585266  -0.191764  0
0.597377  0.108418  1
0.768855  0.190902  1
-0.419879  -0.905575  1
0.779402  -0.487770  0
0.521082  -0.499813  0
-0.339292  0.313967  1
0.479660  -0.465886  0
-0.731350  0.897189  3
-0.435569  -0.771515  1
-0.617763  0.663185  0
0.963023  -0.186068  3
-0.503456  0.049856  3
0.036272  0.220898  2
0.828677  0.425305  1
-0.370387  0.413943  1
-0.766459  -0.773010  1
-0.477639  -0.997604  2
0.417892  0.102481  1
-0.903178  0.197294  3
0.614711  0.617904  0
0.697481  -0.724580  1
-0.068130  0.177142  3
-0.190467  0.200520  1
0.074331  0.373965  1
0.429006  0.456568  1
0.037150  0.392028  2
-0.729499  0.533694  0
-0.558116  0.306772  1
-0.245407  -0.729439  1
-0.267922  0.384206  1
0.684504  -0.034381  3
0.611196  -0.793135  1
-0.031985  0.029089  3
0.309346  0.064837  2
-0.773617  -0.075943  2
-0.317259  0.923864  3
0.199477  0.614611  0
0.101006  -0.990989  3
-0.184869  -0.824663  2
0.382975  -0.755863  1
0.631906  -0.579874  1
0.636165  0.902406  0
0.953820  -0.921950  3
0.209178  -0.291587  0
-0.651389  0.941256  3
-0.907381  -0.966885  2
-0.093125  0.703815  3
-0.760021  0.874890  3
-0.267096  0.549326  0
-0.060273  -0.040713  2
-0.526617  0.622468  0
-0.116849  0.672860  0
0.237079  0.984157  2
0.681871  -0.947790  3
-0.840505  0.064846  3
-0.703652  0.791400  0
0.484972  0.932513  0
0.693806  0.438792  1
-0.989437  -0.097015  2
-0.852796  -0.640826  1
-0.155759  -0.760177  1
-0.607712  0.751116  0
0.943638  -0.367732  3
0.626006  -0.323458  0
-0.818407  -0.434266  0
0.635829  -0.345024  0
-0.811798  -0.481020  0
-0.672163  0.425281  1
-0.496863  -0.990293  2
0.477491  -0.337368  0
0.074554  0.773839  2
-0.545968  -0.440475  0
0.706352  -0.852162  1
0.998317  0.716915  2
0.050822  -0.854478  3
-0.923912  0.895063  3
-0.614655  -0.531623  1
0.646179  -0.671017  1
0.100644  0.272186  2
0.005525  0.282238  2
0.837919  -0.358647  0
0.937214  -0.973879  3
0.160333  -0.734949  1
0.451402  0.663470  0
-0.725242  -0.071107  2
-0.673898  0.349312  1
-0.297269  -0.219866  0
0.908837  -0.590917  1
-0.072028  0.907155  3
-0.874002  0.978794  3
-0.947323  -0.797914  2
0.873857  -0.561979  1
-0.329538  0.520037  0
-0.232996  0.771107  0
-0.207778  0.772529  0
0.053345  -0.369858  3
-0.586118  -0.009441  2
-0.343737  0.574215  0
0.255610  -0.892335  3
0.237685  0.530368  0
0.036557  0.563787  2
-0.120320  0.739289  3
-0.656079  -0.211483  0
-0.851628  0.271892  1
-0.304328  -0.725631  1
0.250686  -0.251651  0
-0.523545  0.124544  1
0.186370  0.146917  2
-0.355420  0.953374  3
-0.081976  0.436803  1
0.725903  0.971369  2
-0.933055  -0.860215  2
-0.038072  -0.276792  2
0.714000  -0.782463  1
-0.169128  -0.048315  2
0.747905  0.867429  0
-0.484528  -0.372415  0
0.606718  -0.140607  0
0.416102  0.755090  0
-0.868715  -0.888226  2
-0.970541  0.381972  3
-0.139877  -0.494085  0
-0.493484  -0.953507  2
0.652832  0.151096  1
0.999867  -0.429144  3
-0.412101  0.725770  0
-0.457775  -0.345157  0
0.865555  0.504152  0
0.378051  0.579555  0
0.721689  -0.791077  1
-0.468760  0.469595  1
-0.923647  0.046712  3
-0.902820  0.683071  0
0.906105  0.513282  0
0.438161  -0.962609  3
0.625057  0.467620  1
0.419362  -0.514821  1
0.973535  0.925878  2
-0.468328  0.626367  0
0.076974  -0.468460  0
-0.802777  0.664873  0
-0.742690  -0.260553  0
-0.680284  -0.877135  1
-0.756400  0.697767  0
0.702421  0.965289  2
0.906690  -0.766339  3
0.434884  0.983042  2
0.280373  0.532064  0
0.666113  0.186479  1
0.045346  0.104274  2
0.223869  -0.329597  0
-0.428106  -0.356768  0
0.155582  -0.454571  0
-0.430891  0.687254  0
-0.828204  0.646083  0
-0.781206  -0.630982  1
0.310956  -0.523896  1
0.108466  0.630672  0
-0.401031  0.352065  1
0.328438  -0.698610  1
0.317354  0.235128  1
-0.464949  -0.247762  0
0.218170  0.815424  0
-0.715698  -0.115717  0
0.001903  0.329648  2
0.988557  -0.774228  3
-0.999950  -0.439548  2
-0.130996  0.155632  3
0.105881  0.438113  1
-0.157113  0.277676  1
0.084197  0.061681  2
0.646695  -0.604848  1
0.537785  -0.244839  0
-0.974176  -0.863246  2
-0.892774  0.354262  1
-0.561856  0.424580  1
-0.410610  -0.026805  2
-0.823182  0.807561  0
-0.211381  -0.538880  1
-0.308156  0.790521  0
0.790768  -0.319598  0
-0.983706  0.790818  3
0.240853  -0.114703  3
-0.053549  -0.653266  2
-0.676589  0.789338  0
0.624410  0.407607  1
-0.148982  0.271105  1
0.802760  -0.611197  1
-0.973734  0.828583  3
-0.474443  -0.866508  1
0.182846  -0.036299  3
0.558072  0.772236  0
0.936895  0.734891  2
0.579797  -0.274486  0
-0.803989  -0.728359  1
-0.483965  0.986779  3
-0.047957  -0.467671  2
0.777598  -0.807104  1
0.417626  -0.275952  0
-0.460370  0.741037  0
-0.486614  -0.835960  1
0.148644  0.364404  1
0.435145  -0.048597  3
0.753207  0.461411  1
-0.220013  -0.721236  1
0.594903  0.962833  2
0.242465  0.152976  1
0.735069  0.179361  1
-0.112134  0.314866  1
0.904874  0.083877  2
0.586507  -0.579090  1
0.070657  -0.461451  0
-0.046761  -0.151746  2
-0.268555  -0.629135  1
0.572302  0.271075  1
-0.888099  -0.914311  2
0.435115  0.260545  1
0.450093  -0.129740  0
-0.788051  0.203300  1
-0.668328  -0.008065  2
0.482065  0.926575  0
-0.045232  -0.275470  2
0.079551  -0.310163  3
0.903891  0.967417  2
-0.995297  0.808765  3
0.051295  0.591209  2
-0.770325  -0.878049  2
-0.870241  0.182913  3
-0.029795  -0.138796  2
0.553778  -0.457492  0
-0.867721  0.665679  0
-0.371804  0.567394  0
-0.073775  -0.921711  2
-0.562346  0.138173  1
0.281590  -0.230674  0
-0.869892  -0.236346  2
-0.304099  0.084877  3
0.488185  0.775452  0
0.774713  0.392075  1
0.742869  0.779416  0
0.200840  -0.205836  0
0.370625  0.430515  1
-0.083885  0.500384  0
-0.386572  0.886320  0
-0.638412  -0.832794  1
-0.571172  -0.506133  1
0.832886  0.057024  2
-0.938740  -0.240890  2
0.135313  -0.501086  1
0.897283  -0.583097  1
0.268240  -0.972608  3
0.180557  0.964141  2
0.112268  -0.331258  0
0.739592  -0.113018  3
-0.939183  0.482461  1
-0.333603  0.261657  1
-0.723375  -0.962977  2
-0.307828  0.192740  1
0.537407  0.305601  1
0.079060  0.898995  2
0.472807  0.507888  0
-0.607139  0.305693  1
-0.435088  -0.545878  1
-0.935197  0.700225  3
-0.046964  0.962086  3
-0.882872  -0.778724  2
0.989478  0.297685  2
-0.814583  0.101746  3
0.966427  0.925009  2
0.988728  -0.972756  3
0.407470  -0.344875  0
0.288902  0.684095  0
-0.307852  0.981074  3
-0.123165  -0.770446  2
0.286674  0.955894  2
-0.871451  -0.240519  2
0.463782  -0.478590  0
-0.934826  -0.971306  2
-0.024468  -0.870023  2
0.728919  0.928568  2
-0.907937  0.846047  3
-0.850156  -0.918459  2
0.143732  -0.664739  1
0.183287  0.110159  2
-0.739730  0.172015  1
0.137404  0.667740  0
0.827140  -0.573695  1
0.351835  -0.480713  0
-0.592621  -0.771330  1
-0.251158  0.694054  0
-0.815436  -0.122609  2
-0.546465  0.648346  0
0.398801  -0.481291  0
0.677040  -0.625667  1
-0.351314  0.405959  1
-0.697098  -0.259251  0
0.252005  -0.547254  1
-0.177710  -0.604263  1
-0.211993  -0.994423  2
0.505897  0.048277  2
0.177592  -0.356700  0
-0.283982  0.004731  3
0.069606  -0.932147  3
0.524019  0.476985  1
-0.703477  -0.727139  1
0.171039  -0.518912  1
0.150252  0.624574  0
-0.870566  -0.450947  0
-0.856717  0.806474  3
-0.076614  -0.208030  2
0.212432  0.226288  1
0.532719  -0.535563  1
0.679034  -0.644991  1
-0.139825  -0.532959  1
-0.639414  -0.633929  1
0.515318  0.538178  0
0.009371  -0.768664  3
-0.457091  -0.921023  1
-0.700811  -0.933072  2
0.555962  -0.404288  0
-0.660211  -0.273000  0
0.076800  0.490040  1
-0.648426  0.206234  1
-0.960907  -0.505142  2
0.012708  -0.037521  3
0.286827  -0.774860  1
-0.811233  -0.180454  0
-0.310423  0.867801  0
0.174556  0.549752  0
-0.665158  0.535142  0
0.915823  0.850160  2
0.073320  -0.074805  3
-0.918504  0.616229  0
0.004172  -0.619315  3
0.683158  -0.439867  0
-0.023603  -0.977054  2
0.287134  -0.946803  3
0.512987  0.638708  0
0.259431  0.552080  0
-0.866435  -0.727862  1
-0.485441  0.420393  1
-0.502722  -0.296674  0
-0.760061  0.186856  1
-0.428873  0.414495  1
-0.263393  -0.094031  2
-0.050363  -0.347569  2
-0.243872  -0.977043  2
0.577625  -0.162376  0
0.639186  -0.418203  0
0.218308  0.322344  1
0.141930  -0.805294  3
0.345290  -0.570936  1
-0.752097  -0.141723  0
-0.932228  0.507334  0
-0.589643  -0.798663  1
0.779472  -0.075084  3
0.621730  -0.723250  1
0.628242  0.861669  0
0.463606  -0.800631  1
0.276163  -0.799787  1
0.105338  -0.774200  3
-0.147356  0.861466  3
-0.751244  -0.569731  1
-0.300911  0.887942  0
0.012066  0.917398  2
0.210286  -0.846004  3
-0.887896  -0.444424  0
-0.416940  -0.639994  1
0.413853  -0.349168  0
0.867340  0.824209  2
-0.147831  0.646812  0
-0.250875  -0.526101  1
0.923562  -0.622633  1
-0.664433  0.387168  1
-0.423264  0.611731  0
0.587381  0.682073  0
0.837530  -0.559975  1
0.543539  -0.913713  1
-0.129706  -0.757372  2
0.974229  0.882360  2
-0.839974  0.184515  3
-0.963644  -0.727870  2
0.740091  -0.380583  0
-0.367864  0.153943  1
0.270248  -0.500524  1
-0.021847  -0.877583  2
-0.853713  0.727277  0
-0.403684  -0.930151  1
-0.895356  -0.068116  2
0.457017  -0.318620  0
-0.456386  0.044397  3
-0.636547  -0.618855  1
0.484422  0.906992  0
-0.532568  -0.645284  1
-0.850380  -0.558339  1
-0.762924  -0.690354  1
0.626176  -0.726567  1
-0.418224  0.366266  1
-0.107151  0.213912  3
-0.479790  -0.836902  1
0.713388  0.498362  1
-0.714485  0.859675  0
0.225640  -0.118169  3
0.929524  0.330284  2
0.813715  0.386541  1
-0.988336  -0.642671  2
-0.569062  -0.624883  1
-0.261526  0.915360  3
-0.717891  0.205906  1
-0.729924  -0.568271  1
0.647566  -0.492847  0
-0.258625  0.273742  1
-0.219415  0.323152  1
-0.359992  0.673435  0
-0.462936  0.160218  1
0.836532  -0.749549  1
-0.341420  -0.877953  1
-0.889874  0.884220  3
0.003879  -0.960350  3
0.214504  -0.182406  0
0.426191  0.226168  1
0.174923  0.857129  2
0.601285  0.913397  0
0.772489  0.883394  2
0.119303  -0.957435  3
-0.684877  -0.233131  0
-0.450282  0.056499  1
-0.959389  0.330303  3
-0.620350  -0.319381  0
0.003738  -0.083286  3
0.840837  -0.159730  3
0.167165  -0.500583  1
-0.037682  0.277291  3
-0.616363  0.966197  3
0.316941  0.598142  0
-0.216210  -0.256868  0
-0.175690  0.958714  3
-0.399739  -0.574405  1
0.872111  -0.627250  1
-0.691010  -0.008587  2
-0.584684  -0.375887  0
0.758283  -0.034966  3
0.680611  0.798893  0
-0.704663  -0.939738  2
-0.520488  0.299075  1
-0.023025  -0.679651  2
-0.860654  -0.855860  2
-0.180234  0.101663  3
0.421432  0.203404  1
0.067860  -0.261627  3
-0.198455  0.851651  3
0.481505  0.625855  0
0.810364  -0.918234  3
-0.948549  0.682475  3
-0.545484  -0.639560  1
-0.326112  -0.130168  0
-0.015447  -0.567829  2
0.834866  -0.334836  0
-0.768936  -0.869797  2
-0.274574  -0.289424  0
0.429278  0.702401  0
0.030925  0.568623  2
0.846542  0.850691  2
-0.329713  0.267973  1
0.054095  0.738147  2
-0.993654  0.855640  3
0.589798  0.487852  1
0.481496  0.400162  1
0.569618  0.532946  0
0.082637  -0.975866  3
0.893387  0.756525  2
-0.106034  -0.122060  2
-0.811304  -0.271168  0
0.543104  -0.580240  1
-0.140965  -0.731470  1
0.130336  -0.711688  1
0.970931  -0.838739  3
0.856936  0.817473  2
-0.988047  -0.472777  2
0.085446  0.066047  2
-0.734630  0.091792  3
-0.078312  0.855168  3
-0.420356  -0.596817  1
0.255330  -0.850738  1
0.936130  -0.662033  3
-0.826604  0.829517  3
-0.905508  0.067362  3
-0.292544  -0.716812  1
0.796194  -0.749440  1
-0.297052  -0.344771  0
-0.480910  0.833284  0
-0.056458  -0.509979  1
0.994545  -0.199522  3
-0.692506  -0.993502  2
0.327700  0.392940  1
0.072546  0.593070  0
-0.515267  0.994233  3
0.448238  0.064377  1
-0.602583  -0.296432  0
0.213639  -0.666453  1
0.041534  0.387035  2
-0.836937  0.136026  3
-0.545603  -0.129481  0
0.419214  -0.749408  1
0.121079  -0.877838  3
-0.094179  0.640169  0
0.955446  0.849362  2
-0.869810  0.949991  3
-0.350160  -0.562316  1
0.956489  0.977540  2
0.830624  0.029035  2
0.570611  -0.684643  1
0.023268  0.018849  2
0.379734  0.420685  1
0.722417  -0.406628  0
0.754232  -0.236049  0
0.980407  0.917295  2
0.899977  -0.565196  1
-0.212186  0.319191  1
-0.314604  0.908893  3
0.441353  0.591216  0
0.549063  0.396799  1
0.440579  0.679253  0
0.346791  -0.909581  1
-0.883063  0.303280  1
-0.932041  0.947561  3
-0.667685  0.638569  0
-0.737082  0.355583  1
-0.342582  0.642652  0
-0.223732  -0.620166  1
-0.763976  -0.469500  0
0.143785  -0.783569  3
-0.552205  0.043762  3
-0.348765  0.235609  1
-0.637046  0.336630  1
0.144502  0.804307  2
-0.072153  -0.306435  2
0.201106  -0.631574  1
-0.627182  -0.452104  0
-0.541156  -0.510245  1
0.851176  -0.473197  0
-0.562683  -0.816509  1
-0.834628  -0.299765  0
0.539074  -0.177210  0
-0.657113  -0.684658  1
0.202624  -0.421089  0
-0.154158  -0.653591  1
-0.204659  0.293637  1
0.390172  0.446576  1
-0.470755  0.753125  0
-0.216794  0.673748  0
0.557432  0.711053  0
-0.632688  -0.241462  0
-0.920521  -0.259870  2
0.306434  -0.461677  0
0.229886  0.157611  1
0.065126  0.667202  2
0.341102  0.230498  1
-0.632563  -0.119824  0
-0.946712  -0.289676  2
0.195519  0.255912  1
0.289234  -0.958639  3
0.602321  -0.915425  1
0.334997  -0.007507  3
0.531151  0.864243  0
-0.254381  -0.685642  1
0.537990  -0.696949  1
-0.974589  0.905303  3
0.061589  -0.895110  3
-0.354567  -0.631977  1
-0.356786  0.875319  0
0.525634  0.708340  0
0.542521  -0.133264  0
-0.061162  0.909958  3
0.746912  -0.007874  3
-0.379718  -0.057569  2
-0.751962  0.909516  3
-0.016208  0.850359  3
0.994091  -0.681211  3
-0.157147  0.525242  0
-0.816969  0.588472  0
0.839600  0.721021  0
0.891523  0.865011  2
0.626324  -0.046888  3
0.969902  -0.728243  3
0.321135  -0.386885  0
-0.852924  -0.153231  2
-0.678545  0.689597  0
0.713505  0.260293  1
0.599554  0.460418  1
-0.747581  -0.780164  1
-0.597152  -0.499543  0
-0.870649  0.386640  1
-0.649184  -0.876557  1
0.705429  0.193669  1
0.648685  0.888460  0
-0.217859  0.488285  1
0.609481  -0.326337  0
0.353297  0.235805  1
0.626775  0.323198  1
0.507562  -0.052090  3
0.936314  0.654638  2
0.794679  -0.742231  1
0.344235  0.508184  0
0.518062  -0.056211  0
-0.031398  0.770481  3
0.163625  0.371450  1
-0.729062  0.292976  1
-0.241910  -0.378246  0
0.416419  -0.536481  1
0.815423  0.065104  2
-0.648021  -0.402436  0
-0.446611  0.961460  3
0.271227  0.906685  2
0.197265  -0.101998  3
0.229884  -0.295173  0
0.845912  0.166197  2
-0.640535  0.640591  0
0.423966  0.703700  0
0.148775  -0.057972  3
-0.352511  -0.882623  1
-0.287491  0.811114  0
0.488827  -0.016554  3
0.104090  -0.753083  3
0.605201  -0.479491  0
-0.289565  0.420624  1
0.585613  0.062414  1
-0.981812  -0.860998  2
0.023873  0.289416  2
-0.954313  -0.778861  2
-0.812582  0.275571  1
-0.074034  -0.966670  2
-0.558232  0.285432  1
0.673921  0.865735  0
-0.010868  -0.177305  2
-0.192237  0.636621  0
-0.059928  0.520271  0
0.447734  -0.571101  1
-0.496282  -0.448175  0
-0.324185  -0.891082  1
0.072334  0.386250  1
0.529543  -0.342054  0
-0.551336  0.547731  0
-0.203052  0.472537  1
-0.162853  -0.157365  2
0.693676  0.024565  2
-0.881794  -0.380358  0
0.057894  -0.440025  0
0.905073  -0.268185  3
-0.574291  -0.105795  0
0.554510  0.233472  1
-0.469175  -0.505418  1
-0.246257  0.978560  3
-0.076519  0.257460  3
-0.469616  0.599296  0
0.366379  0.602718  0
-0.014454  -0.104079  2
-0.739336  0.434210  1
-0.556347  0.057612  1
-0.093253  0.280799  3
0.900248  -0.399577  0
-0.694636  -0.981546  2
0.220065  0.363259  1
-0.421571  0.125138  1
-0.904926  0.004138  3
-0.980657  0.649584  3
-0.762390  -0.449832  0
-0.855834  -0.008648  2
-0.471272  0.067647  1
-0.751187  0.059112  3
-0.333057  0.615192  0
-0.338170  0.652489  0
-0.488887  -0.077506  0
0.086699  -0.045234  3
0.980106  0.993446  2
-0.764435  0.880354  3
-0.406131  -0.459071  0
0.898808  0.813933  2
0.904188  -0.522763  1
-0.060929  0.999261  3
0.481374  -0.041586  3
0.648845  0.718984  0
0.508582  0.793012  0
-0.289664  -0.962690  2
-0.139341  -0.040851  2
0.096422  0.527602  0
-0.425659  0.758252  0
0.180091  0.085455  2
-0.319254  -0.733209  1
-0.959780  -0.339148  2
-0.739763  -0.724214  1
-0.458794  -0.145895  0
-0.183285  -0.559986  1
-0.331961  -0.279098  0
-0.082749  0.607110  0
-0.279836  -0.601375  1
-0.434476  -0.630991  1
-0.882391  -0.925894  2
-0.837979  -0.172055  2
-0.888584  0.022680  3
0.787095  0.207838  1
-0.449718  -0.638564  1
-0.033910  0.730373  3
0.446891  0.646836  0
0.997164  0.487111  2
-0.692312  -0.742600  1
0.762897  -0.151106  0
0.111506  -0.420389  0
0.288909  0.779545  0
0.300514  -0.793841  1
0.386655  -0.979323  3
-0.395216  0.952179  3
-0.610314  -0.277607  0
-0.973715  -0.448293  2
0.550339  -0.862299  1
0.574386  0.337434  1
0.345539  -0.875332  1
0.698870  -0.688371  1
0.855041  0.145760  2
0.958465  0.852205  2
-0.367128  -0.733847  1
-0.890395  -0.604232  1
0.115047  0.221111  2
-0.024621  -0.596044  2
0.000655  -0.724107  3
-0.389885  -0.612690  1
-0.703430  0.214900  1
-0.660511  -0.313744  0
0.937293  -0.634227  3
0.237963  0.487632  1
-0.496526  -0.187651  0
-0.174934  0.849013  3
-0.062982  -0.476064  0
-0.839358  -0.207941  2
0.669696  -0.880894  1
-0.355736  -0.697432  1
-0.614741  -0.246131  0
-0.301664  0.500306  0
0.974979  0.673715  2
0.904262  -0.024365  3
0.949608  -0.485622  3
0.362944  -0.753822  1
0.729277  0.702433  0
-0.067566  0.666571  3
-0.931793  -0.829603  2
0.154203  -0.428319  0
-0.017253  0.979269  3
-0.579306  0.919764  0
-0.496796  -0.418664  0
-0.288177  -0.827100  1
-0.299558  0.356086  1
-0.524532  0.085701  1
-0.890045  0.173804  3
-0.413993  -0.915066  1
-0.152481  -0.509731  1
0.060569  -0.202873  3
0.004647  -0.576487  3
0.043305  -0.266076  3
-0.874054  0.975739  3
-0.599505  -0.805847  1
-0.853864  0.554697  0
-0.234166  0.128883  3
0.533966  0.186527  1
0.048647  -0.962830  3
0.767863  0.760470  0
-0.789930  -0.531695  1
0.116556  -0.314462  0
0.554006  0.226511  1
0.859342  -0.859987  3
0.311445  -0.293140  0
-0.369718  -0.627986  1
0.503987  0.634929  0
-0.204473  -0.452709  0
-0.631147  -0.078527  0
-0.476970  -0.230652  0
0.115626  -0.330834  0
-0.675955  0.881460  0
0.798049  0.858011  2
0.067988  -0.153304  3
0.895181  -0.164149  3
-0.392834  -0.894749  1
0.304155  0.723722  0
-0.209211  -0.141839  2
-0.049767  -0.349870  2
-0.001826  -0.738322  2
0.356990  0.628456  0
-0.366308  -0.139023  0
0.263385  0.429219  1
0.408269  0.632238  0
-0.649307  0.931299  3
-0.598414  0.466319  1
-0.399535  -0.274369  0
0.347779  -0.601486  1
-0.416359  -0.584233  1
0.245210  -0.521178  1
0.251617  0.852376  0
-0.415927  -0.444227  0
0.576098  0.374861  1
0.413934  -0.473669  0
-0.975008  -0.587892  2
-0.211990  0.381982  1
-0.959436  0.421702  3
-0.757041  0.303949  1
-0.149079  0.651228  0
-0.063813  0.201614  3
0.582527  0.337772  1
-0.332067  -0.817008  1
-0.936597  -0.984288  2
-0.418494  -0.352956  0
-0.568521  0.826717  0
0.125866  0.683097  0
0.679093  0.709939  0
-0.761131  0.255192  1
0.084800  0.652803  0
0.781523  0.109791  2
-0.935089  -0.430467  0
-0.508227  -0.894525  1
0.991235  -0.265267  3
0.409424  -0.157844  0
-0.614039  -0.654389  1
-0.956230  0.968488  3
0.683383  -0.288296  0
-0.848520  0.746786  0
-0.272584  -0.267014  0
-0.606169  0.158895  1
-0.440297  0.519697  0
-0.158008  -0.761204  1
0.229635  0.080861  2
0.493988  -0.685565  1
-0.266335  0.275511  1
0.424227  -0.201424  0
0.845044  0.916000  2
-0.095949  0.836279  3
-0.349268  -0.686525  1
-0.321565  0.036693  3
-0.340914  -0.277795  0
0.005181  -0.657531  3
0.433909  0.156660  1
-0.910744  -0.838675  2
0.889646  -0.516913  1
0.320221  -0.550651  1
-0.997217  -0.837787  2
-0.311855  0.232419  1
0.243074  -0.817867  1
0.546854  0.976739  2
0.457644  -0.028920  3
-0.224685  0.302688  1
-0.112920  0.679366  0
0.138966  0.537813  0
0.992841  0.817401  2
-0.425494  -0.348073  0
-0.460393  0.579686  0
-0.005604  0.973516  3
-0.263654  0.083652  3
-0.865159  -0.374007  0
0.566738  0.455062  1
0.075342  0.569522  0
0.617275  0.763488  0
-0.198060  -0.139651  2
0.945621  -0.651206  3
-0.162912  0.403265  1
0.319875  0.612403  0
-0.294048  -0.793045  1
0.291768  0.844919  0
0.744768  0.284609  1
0.662320  -0.680727  1
0.936535  -0.798073  3
0.898960  -0.069069  3
-0.824557  -0.364694  0
-0.985417  -0.689716  2
0.261299  0.581321  0
0.765346  -0.663359  1
0.150843  0.382621  1
-0.899872  0.952783  3
-0.757029  -0.954251  2
-0.698423  0.080059  3
0.449014  0.621452  0
-0.307539  -0.845034  1
0.828407  0.984230  2
0.999885  0.573174  2
0.268838  0.662205  0
0.892447  0.205374  2
0.864131  0.791407  2
-0.863695  -0.960426  2
-0.573287  -0.849112  1
-0.650142  0.688012  0
0.732209  -0.884796  3
-0.975348  -0.116948  2
0.497825  -0.875219  1
-0.164165  0.740796  0
-0.829470  0.137412  3
-0.179146  0.619543  0
-0.241136  0.513316  0
0.774510  -0.412729  0
0.497545  0.774394  0
-0.839555  -0.233616  0
0.436599  -0.947107  3
0.971757  0.300730  2
0.844300  -0.891938  3
0.340304  -0.728988  1
-0.741050  0.690162  0
0.959024  0.991159  2
0.805365  0.983676  2
-0.125789  0.303191  1
-0.891543  0.710046  0
0.043986  -0.721013  3
-0.152542  0.864841  3
0.898530  0.606323  0
0.378156  0.673040  0
-0.806407  -0.124298  2
0.447434  -0.645962  1
0.642085  -0.115967  0
-0.593069  0.613842  0
-0.815237  -0.748769  1
0.721905  0.525067  0
-0.477757  0.980855  3
0.215229  -0.518733  1
0.972014  0.020595  2
-0.535057  -0.153775  0
-0.676215  -0.426600  0
-0.443729  0.367772  1
-0.147613  0.403730  1
0.232612  -0.249083  0
0.010052  -0.389231  3
-0.576043  0.203646  1
0.486470  0.871391  0
0.557684  0.128555  1
-0.244576  0.964615  3
-0.257602  -0.059813  2
-0.784154  -0.535698  1
-0.534745  -0.261911  0
-0.554843  0.680484  0
0.219356  -0.582829  1
-0.298922  0.684299  0
0.263396  0.024864  2
-0.742301  0.819668  0
-0.607365  0.110086  1
0.223397  0.625248  0
0.861003  -0.766550  3
-0.763984  -0.715041  1
0.437096  0.722487  0
-0.843650  -0.005220  2
-0.148958  -0.088226  2
-0.040605  0.593440  3
0.851961  0.175241  2
-0.942258  -0.682784  2
0.913330  -0.497101  0
0.997700  0.132685  2
-0.079930  -0.301221  2
-0.183016  -0.816533  2
0.723642  0.074683  2
-0.996866  -0.883723  2
-0.815231  0.226532  1
0.741525  -0.954228  3
0.459981  0.977541  2
-0.669269  -0.102923  0
0.700028  -0.512919  1
0.891857  -0.448930  0
0.398855  -0.148748  0
-0.855490  0.250817  1
-0.973507  -0.797748  2
0.568033  0.939823  0
-0.294848  0.565733  0
0.072508  0.625222  0
-0.735488  0.889492  3
0.808688  0.988154  2
-0.035824  0.811823  3
-0.895569  0.148945  3
0.038354  0.845956  2
0.194717  -0.501665  1
0.823498  0.525448  0
0.395413  0.523526  0
-0.987471  0.287269  3
-0.925404  0.411384  1
-0.861479  -0.780894  2
-0.337799  -0.834985  1
-0.578642  -0.769766  1
-0.895163  0.126510  3
0.795967  0.177345  1
-0.248269  -0.939522  2
0.066838  -0.439580  0
-0.951368  -0.968987  2
-0.627758  -0.846936  1
0.179958  0.410597  1
0.999020  -0.625325  3
0.908932  0.822518  2
0.900123  0.304345  1
0.346043  0.912652  0
-0.408386  0.420639  1
0.324036  -0.269864  0
0.639745  0.986237  2
-0.104850  -0.938897  2
-0.783529  -0.000013  2
0.187613  -0.987562  3
-0.822667  0.939344  3
-0.927084  0.244170  3
-0.500236  -0.878451  1
0.275184  -0.127994  0
-0.725388  -0.544858  1
-0.717397  -0.726368  1
-0.170183  -0.808465  2
-0.903850  -0.270061  2
0.495880  0.442193  1
-0.357409  -0.912506  1
-0.137168  0.966627  3
-0.182371  -0.497423  0
0.952864  0.712779  2
-0.436320  -0.830665  1
-0.287233  0.751293  0
-0.818227  -0.109901  2
0.690637  -0.745310  1
-0.865731  -0.809599  2
-0.623762  0.409453  1
0.062408  -0.349150  3
0.864595  0.345011  1
-0.075518  -0.305588  2
0.536546  0.020632  2
0.424351  0.032426  2
-0.537175  -0.933058  1
0.119919  0.325657  1
-0.966431  0.937549  3
0.828235  0.986433  2
0.650328  -0.608085  1
-0.844231  -0.636905  1
-0.856792  -0.662458  1
0.253194  0.833845  0
-0.407768  0.387463  1
-0.975753  -0.031530  2
-0.203083  0.086654  3
0.619320  -0.338489  0
-0.568335  -0.456197  0
0.355923  0.968211  2
0.564435  -0.219726  0
0.000636  -0.972740  3
-0.152784  -0.879444  2
0.352917  -0.119215  0
-0.941896  0.181152  3
-0.132782  0.708432  0
0.573067  0.022987  2
-0.928473  0.716275  3
0.360528  0.324721  1
0.550121  0.952760  2
-0.287816  0.574368  0
-0.078770  0.509101  0
-0.338978  -0.459450  0
-0.829388  0.092687  3
0.084353  0.526535  0
0.060898  -0.351212  3
-0.693191  -0.938466  2
-0.323952  0.154025  1
-0.817910  -0.971035  2
-0.965190  -0.759805  2
0.210117  -0.097972  3
0.948627  -0.216815  3
0.925014  -0.979846  3
-0.500540  0.285543  1
0.344875  -0.950419  3
0.238303  -0.942940  3
0.623948  -0.840467  1
0.566161  -0.715030  1
-0.299917  0.736773  0
0.377657  0.784435  0
0.263309  -0.561445  1
-0.566777  0.570118  0
-0.499910  0.109271  1
-0.275857  -0.317820  0
0.138236  -0.241048  0
-0.077626  -0.651647  2
0.660980  -0.128998  0
0.131538  0.585994  0
-0.108844  0.630998  0
-0.128463  -0.763969  2
0.680579  -0.890160  1
-0.706909  0.304527  1
-0.730628  0.859251  0
0.589497  -0.030545  3
0.596025  -0.032845  3
-0.246110  -0.140667  0
0.405710  0.187113  1
-0.570549  0.905800  0
-0.703617  0.153594  1
-0.412021  0.434619  1
0.912546  0.510354  0
0.782972  0.573526  0
-0.618645  -0.085490  0
0.159520  0.272511  1
-0.454492  -0.968943  2
0.508542  -0.773914  1
-0.859103  0.801633  3
0.530613  -0.589731  1
0.660884  0.120111  1
0.379724  0.256909  1
-0.912734  -0.866386  2
-0.883758  0.492976  1
0.320727  -0.454307  0
0.398775  0.617110  0
0.699287  0.986755  2
0.051729  0.611833  2
0.497109  -0.165299  0
0.185359  0.878464  2
0.749211  -0.655121  1
0.150975  -0.705282  1
-0.624064  -0.340483  0
-0.479195  -0.483167  0
-0.538850  -0.948582  2
-0.072898  -0.877966  2
0.171529  -0.693175  1
0.378942  0.258795  1
-0.559561  0.495184  1
-0.248230  0.761165  0
-0.959123  -0.849454  2
0.378275  0.740164  0
-0.862700  -0.569996  1
0.351997  0.634409  0
0.264705  -0.462644  0
0.512873  0.013916  2
-0.117765  -0.336152  0
0.308635  0.258172  1
0.323365  0.829439  0
0.775005  0.784515  0
0.880857  -0.297893  0
0.906548  0.052387  2
0.008932  0.285490  2
-0.688819  0.449371  1
-0.219326  0.062952  3
0.210536  -0.178449  0
0.213497  -0.411189  0
-0.438285  0.350798  1
0.018816  0.913712  2
-0.014793  -0.716479  2
-0.548932  -0.501921  1
0.297438  0.333303  1
0.161927  -0.393928  0
-0.408525  -0.514708  1
-0.564488  -0.633520  1
-0.730193  -0.683631  1
0.068586  -0.823645  3
0.368756  -0.922482  1
0.461845  0.679937  0
0.526889  -0.757481  1
-0.257111  -0.262575  0
0.064070  0.956386  2
0.326236  0.625785  0
0.307184  -0.654948  1
0.539497  -0.707609  1
-0.371427  0.990564  3
-0.209530  0.926011  3
0.323867  0.952397  2
-0.467917  0.915342  0
-0.562310  -0.032405  2
-0.718178  -0.292504  0
0.283964  0.350408  1
-0.116149  -0.347280  0
0.427926  -0.654304  1
-0.667343  -0.045186  2
-0.411785  0.075546  1
0.692240  0.652285  0
0.031932  0.018476  2
0.278070  -0.660884  1
0.363528  -0.182433  0
-0.368493  0.992102  3
-0.191869  0.421977  1
0.918113  -0.868002  3
0.374374  -0.549804  1
-0.952659  0.812064  3
0.417791  -0.670838  1
-0.480440  -0.298245  0
0.679570  0.403411  1
0.354475  0.107496  1
0.749107  0.687132  0
-0.937690  -0.662678  2
-0.237323  0.754550  0
0.989607  0.794609  2
-0.226974  0.267677  1
-0.866275  -0.863446  2
-0.914756  -0.234768  2
-0.871344  -0.106625  2
-0.812791  -0.953232  2
0.025374  0.561583  2
-0.503036  0.072714  1
0.373647  0.914755  0
0.401877  0.893207  0
-0.383490  0.081447  1
0.296618  0.970985  2
-0.811058  0.045725  3
0.658117  -0.748748  1
0.383047  -0.579206  1
-0.994198  0.372655  3
-0.784596  -0.221173  0
-0.359668  -0.650871  1
-0.084619  -0.274424  2
0.114361  0.044037  2
0.618952  0.301570  1
0.090805  -0.355674  0
-0.136847  0.587769  0
0.717040  -0.763200  1
0.502525  0.118917  1
-0.869992  -0.880965  2
-0.799637  0.426626  1
-0.909980  -0.610694  1
-0.527649  0.748137  0
-0.359442  0.855398  0
-0.831069  -0.353641  0
0.228053  -0.615665  1
0.425187  0.868385  0
-0.266536  -0.659432  1
-0.406039  0.847825  0
0.384604  -0.787087  1
0.149395  -0.524591  1
-0.142761  -0.987451  2
-0.936821  -0.425721  0
-0.750651  0.565704  0
0.693196  -0.620643  1
0.684739  0.893559  0
0.805983  0.774759  0
-0.717135  -0.721666  1
0.522896  -0.076578  0
-0.866268  0.691828  0
0.569782  0.361784  1
-0.923837  -0.005032  2
0.230169  -0.190373  0
0.335536  0.824130  0
-0.342548  -0.279860  0
-0.962957  0.806848  3
0.195550  -0.105718  3
0.819396  0.258729  1
0.468560  -0.931254  1
-0.175568  0.161756  3
-0.551897  -0.490829  0
0.055315  -0.745915  3
-0.716070  0.338179  1
-0.467581  0.806826  0
-0.738398  -0.333849  0
0.498653  0.831383  0
-0.972065  0.574816  3
-0.173648  0.258104  1
-0.615557  -0.838112  1
0.082234  0.041895  2
-0.117972  0.119277  3
-0.151258  -0.922422  2
-0.986441  -0.331861  2
0.336307  0.482119  1
-0.263115  -0.839261  1
-0.356125  0.184987  1
-0.330090  0.699190  0
0.439073  -0.046161  3
0.037369  0.971492  2
-0.239335  0.298971  1
-0.362358  -0.740681  1
0.130354  -0.334423  0
0.834135  0.956706  2
0.923681  -0.781423  3
-0.881407  0.005916  3
0.260472  0.000621  2
-0.874807  -0.890786  2
0.078199  -0.861248  3
-0.222647  -0.585494  1
0.620871  0.514238  0
-0.424755  -0.735254  1
-0.300775  0.245154  1
0.963936  -0.861702  3
-0.801006  0.001305  3
-0.890210  -0.040341  2
-0.699724  -0.252568  0
0.218978  0.430630  1
0.413009  0.053113  2
0.387335  0.336690  1
0.271690  0.505929  0
-0.657394  -0.467838  0
-0.493450  -0.532201  1
-0.358624  0.584749  0
-0.393450  0.418729  1
0.999254  -0.772579  3
-0.067033  -0.425501  0
-0.507833  0.632192  0
0.819653  -0.543897  1
0.770490  -0.981353  3
0.457408  0.880280  0
-0.021694  0.757684  3
-0.372289  -0.802716  1
0.188313  -0.959279  3
0.250396  -0.424351  0
0.377411  -0.477914  0
-0.918423  0.720017  3
0.054248  -0.411873  3
-0.812184  0.695624  0
-0.827124  -0.205634  0
0.114354  -0.827870  3
0.021787  -0.952679  3
-0.253371  0.513955  0
0.679513  -0.433718  0
0.970057  0.450002  2
-0.415071  0.427465  1
0.330282  0.563235  0
0.185149  0.957993  2
0.760519  -0.626538  1
0.998714  0.010915  2
-0.050889  0.376125  3
0.533002  0.030689  2
0.096142  -0.412750  0
0.618816  0.283957  1
-0.717126  0.791692  0
-0.921676  0.397228  1
0.963822  0.100111  2
0.444548  -0.289549  0
-0.385935  0.124061  1
0.276733  -0.415877  0
-0.425937  0.861662  0
-0.988412  0.904345  3
0.424897  0.196737  1
0.862339  0.185416  2
0.570199  0.861052  0
-0.803669  -0.480690  0
0.237177  0.729333  0
0.549999  -0.666681  1
-0.683418  0.168815  1
0.617276  -0.400544  0
-0.039493  0.695600  3
0.996684  -0.075672  3
-0.204289  0.441232  1
0.634779  0.409776  1
-0.434707  -0.088489  0
0.993899  0.139356  2
-0.226827  -0.994513  2
0.043701  -0.801930  3
0.202224  -0.093960  3
0.383486  -0.227577  0
-0.232908  0.579817  0
0.291733  -0.995731  3
0.309150  -0.158268  0
-0.662411  0.625732  0
-0.989453  0.954865  3
-0.774812  -0.028946  2
0.650465  -0.778128  1
0.895382  -0.553824  1
0.663104  0.530161  0
0.855952  -0.771603  3
-0.558328  0.849851  0
0.367753  0.214846  1
0.855338  -0.588546  1
0.412916  0.057562  2
0.317494  -0.203599  0
0.829985  -0.915414  3
-0.623782  0.121718  1
-0.911144  0.685368  3
0.963451  -0.573556  3
0.311100  0.973998  2
-0.618691  0.536288  0
-0.054948  -0.968226  2
0.758160  -0.159566  0
-0.522050  0.421264  1
-0.629405  -0.666098  1
0.649661  -0.187733  0
-0.816246  0.017414  3
-0.972887  -0.960908  2
0.428868  0.440028  1
0.096654  -0.253638  3
-0.763570  -0.073361  2
-0.169052  -0.387352  0
-0.951643  -0.080197  2
-0.701984  -0.988192  2
0.346247  0.609116  0
0.985806  0.727556  2
0.145404  -0.069143  3
0.759331  -0.096437  3
0.771291  -0.762719  1
-0.675173  -0.858114  1
-0.428817  0.974488  3
-0.045846  -0.245063  2
-0.008098  -0.018734  2
-0.205971  -0.579231  1
-0.578705  0.890683  0
0.167131  -0.342275  0
-0.182678  0.998079  3
0.270373  -0.134321  0
-0.082118  0.568389  0
-0.122513  -0.735870  1
0.177504  -0.136708  3
0.991686  -0.677092  3
0.794150  0.751017  0
0.226471  0.565441  0
0.988297  0.551298  2
0.707327  -0.440520  0
0.525786  -0.338519  0
0.314417  -0.482312  0
0.642747  -0.891554  1
-0.061543  -0.935958  2
0.999129  -0.894412  3
-0.278234  -0.183549  0
-0.896333  0.992139  3
0.682130  0.021550  2
0.560528  -0.440384  0
0.285679  -0.261968  0
0.422908  0.277365  1
0.060940  0.217058  2
0.028382  -0.712589  3
-0.217501  0.016679  3
0.838709  -0.510174  1
0.576160  0.364496  1
0.151307  -0.109423  3
0.882183  -0.205946  3
-0.000977  -0.179359  2
-0.141904  -0.001848  2
-0.073771  0.579862  0
0.814602  0.029897  2
0.572001  0.496732  1
-0.948554  0.132529  3
-0.943652  0.337126  3
0.870561  0.479257  1
-0.385509  -0.068499  0
-0.303686  0.642873  0
0.218913  0.478813  1
-0.340447  0.057622  3
0.968639  -0.764288  3
-0.577883  0.119946  1
0.126289  -0.695699  1
0.914000  -0.874688  3
0.124941  -0.227904  3
0.123464  -0.948830  3
-0.648042  -0.061934  2
0.081067  0.923959  2
-0.565202  0.132513  1
0.056489  -0.508854  1
-0.530361  -0.072950  0
0.970402  0.084130  2
0.858552  -0.333283  0
-0.272996  0.077464  3
-0.854470  0.386556  1
-0.864914  -0.885831  2
0.622269  -0.442797  0
0.234115  -0.251442  0
-0.138496  0.148115  3
-0.126130  0.986445  3
0.920211  0.997334  2
-0.962384  -0.727831  2
-0.064601  0.118683  3
-0.803872  0.370197  1
-0.748804  0.252617  1
0.861343  -0.279165  0
-0.820333  0.831745  3
0.804965  -0.961782  3
-0.501538  -0.468031  0
0.115682  -0.356009  0
0.918525  0.250768  2
-0.241840  0.540794  0
0.807972  0.992275  2
-0.710648  -0.330524  0
0.140390  0.163222  2
-0.344079  0.060601  3
0.160556  -0.306463  0
0.332770  -0.904045  1
0.812220  0.528898  0
0.466152  -0.936584  1
-0.218485  0.327495  1
-0.215749  -0.038818  2
0.159240  -0.410784  0
-0.000600  0.657702  3
0.121185  -0.884917  3
-0.698306  0.039711  3
0.365851  0.059854  2
-0.419495  0.173823  1
0.052129  -0.130143  3
0.843299  -0.807480  3
-0.966921  -0.500780  2
0.253121  0.193635  1
0.192757  -0.414110  0
0.289590  0.004976  2
-0.885212  -0.244258  2
0.068392  -0.103697  3
-0.916762  0.852643  3
0.857484  0.242478  1
-0.558141  -0.143116  0
-0.099820  0.563044  0
-0.028033  0.201874  3
-0.397245  -0.662182  1
-0.738272  0.183260  1
0.511641  0.313857  1
-0.946884  0.354939  3
0.506377  -0.913805  1
0.854159  -0.240503  0
0.279830  0.046915  2
0.345388  -0.430580  0
-0.948109  0.460176  3
0.325162  0.120283  1
-0.643522  0.408400  1
-0.027074  -0.786037  2
-0.349122  0.414785  1
0.070847  0.551059  0
-0.022171  -0.957186  2
-0.247067  0.580584  0
-0.619368  0.014661  3
-0.236156  0.892272  3
-0.671482  -0.183040  0
0.247212  0.834895  0
-0.096845  0.101370  3
-0.405608  -0.817015  1
-0.851714  0.939780  3
-0.247595  -0.799823  1
0.399956  -0.922433  1
0.320460  0.756434  0
0.485967  -0.706614  1
0.970397  -0.863155  3
0.708171  0.041244  2
0.687904  -0.313999  0
0.084058  -0.559163  1
-0.733415  0.464690  1
0.455498  0.030429  2
0.356962  0.784016  0
0.847389  -0.395826  0
0.618911  -0.249456  0
0.705544  -0.786696  1
-0.066470  0.853830  3
-0.846917  0.685935  0
-0.945993  0.553039  3
0.763502  0.374467  1
0.309473  0.249469  1
0.667853  0.279870  1
0.386314  0.376024  1
-0.678886  0.074218  3
-0.937975  0.405172  3
0.515055  -0.671391  1
-0.130139  -0.029447  2
0.359038  -0.773176  1
-0.245431  0.206427  1
-0.169003  -0.626519  1
0.956972  -0.463459  3
-0.413216  -0.109498  0
-0.609629  -0.260132  0
-0.423564  -0.555622  1
-0.707093  -0.660062  1
0.818845  0.602379  0
0.589407  0.486698  1
-0.117751  -0.024279  2
-0.137278  0.203363  3
-0.950061  -0.075254  2
-0.391466  0.564994  0
0.253356  0.478396  1
-0.464452  -0.387606  0
0.705219  0.290117  1
0.818822  -0.463784  0
0.663598  0.775794  0
0.072758  -0.749618  3
-0.333705  0.463129  1
-0.009751  0.242732  3
0.907507  0.283156  2
0.582669  0.726351  0
-0.114465  0.172076  3
0.213049  0.767784  0
-0.852203  -0.924229  2
-0.028853  -0.802264  2
0.000517  0.579681  2
0.762731  -0.746127  1
0.058077  -0.701722  3
-0.133733  -0.236704  2
0.588395  -0.314911  0
0.299512  0.251993  1
-0.539118  -0.627730  1
0.502375  0.127178  1
0.835399  -0.507376  1
-0.630091  0.742906  0
0.775780  0.952579  2
0.469257  -0.338685  0
0.124655  -0.317694  0
-0.570901  0.272452  1
-0.241923  0.400246  1
0.470188  0.758594  0
-0.020073  0.232919  3
-0.987533  -0.961996  2
0.531197  -0.121266  0
-0.198700  0.119592  3
0.563823  -0.899188  1
-0.628415  -0.975294  2
-0.526918  0.873960  0
0.151883  -0.691519  1
-0.633416  0.521793  0
-0.948613  -0.857636  2
0.474372  0.520644  0
-0.196321  -0.400974  0
-0.797050  0.232778  1
0.871478  -0.038973  3
-0.366975  0.341666  1
-0.280379  0.612952  0
-0.425415  -0.267911  0
0.650956  -0.894218  1
0.610823  -0.547745  1
0.225374  0.174646  1
-0.446933  0.596960  0
0.199351  0.026149  2
0.470920  -0.648765  1
0.334630  0.837505  0
0.873027  0.386016  1
0.979869  0.347399  2
-0.093340  -0.216452  2
0.946425  0.109610  2
-0.983673  0.817904  3
-0.929363  -0.350649  2
0.159570  -0.209741  3
-0.737697  0.734155  0
0.522347  0.913258  0
0.839937  0.133170  2
-0.634486  0.065311  3
-0.692184  -0.081419  2
-0.337729  0.507167  0
0.944729  -0.866809  3
0.858402  0.279359  1
0.970696  0.731429  2
-0.334624  0.950565  3
0.078828  0.572036  0
-0.265887  0.025253  3
-0.318354  -0.249561  0
-0.156843  -0.247717  0
0.399790  -0.997273  3
0.542542  0.662093  0
0.736881  0.064890  2
0.575351  0.576818  0
-0.801940  0.940865  3
-0.357871  -0.494125  0
-0.140555  0.304400  1
-0.986957  -0.195825  2
0.437591  0.871444  0
-0.916466  0.408287  1
0.602873  -0.251091  0
0.358851  -0.318299  0
-0.679055  -0.907036  1
0.706955  0.002591  2
-0.156597  -0.449889  0
0.754875  -0.756807  1
-0.447162  0.297417  1
0.905286  -0.710281  3
-0.637694  0.480637  1
0.866538  -0.439634  0
0.421502  -0.491333  0
0.066241  -0.719052  3
0.813067  0.079284  2
0.085122  0.250658  2
-0.049272  0.168656  3
-0.341056  -0.446398  0
0.917566  -0.982204  3
0.235303  -0.761489  1
-0.889241  -0.057742  2
0.241102  -0.045838  3
0.492369  -0.004023  3
0.197356  -0.954793  3
-0.706607  0.102642  3
-0.665074  -0.344300  0
-0.416721  -0.798536  1
0.216066  -0.995219  3
-0.289869  -0.717693  1
-0.714271  -0.476802  0
0.361591  0.370851  1
0.773855  -0.687681  1
