0 2.765350
1 0.585109
2 0.460155
3 0.418841
4 0.397555
5 0.383990
6 0.374094
7 0.366368
8 0.359958
9 0.354543
10 0.349777
11 0.345615
12 0.341892
13 0.338469
14 0.335249
15 0.332392
16 0.329839
17 0.327557
18 0.325463
19 0.323568
20 0.321804
21 0.320177
22 0.318677
23 0.317232
24 0.315907
25 0.314696
26 0.313601
27 0.312630
28 0.311750
29 0.310931
30 0.310166
31 0.309457
32 0.308806
33 0.308208
34 0.307646
35 0.307110
36 0.306603
37 0.306130
38 0.305662
39 0.305213
40 0.304781
41 0.304371
42 0.303969
43 0.303576
44 0.303188
45 0.302799
46 0.302421
47 0.302050
48 0.301681
49 0.301320
50 0.300961
51 0.300603
52 0.300254
53 0.299909
54 0.299568
55 0.299225
56 0.298888
57 0.298556
58 0.298220
59 0.297887
60 0.297557
61 0.297229
62 0.296901
63 0.296570
64 0.296246
65 0.295927
66 0.295616
67 0.295311
68 0.295006
69 0.294698
70 0.294387
71 0.294073
72 0.293761
73 0.293442
74 0.293123
75 0.292807
76 0.292490
77 0.292167
78 0.291842
79 0.291516
80 0.291190
81 0.290859
82 0.290534
83 0.290208
84 0.289886
85 0.289569
86 0.289256
87 0.288944
88 0.288636
89 0.288331
90 0.288031
91 0.287731
92 0.287435
93 0.287143
94 0.286851
95 0.286570
96 0.286287
97 0.286012
98 0.285742
99 0.285478
100 0.285218
101 0.284962
102 0.284709
103 0.284458
104 0.284212
105 0.283968
106 0.283727
107 0.283487
108 0.283253
109 0.283019
110 0.282790
111 0.282561
112 0.282338
113 0.282115
114 0.281893
115 0.281671
116 0.281453
117 0.281236
118 0.281022
119 0.280812
120 0.280605
121 0.280396
122 0.280191
123 0.279983
124 0.279780
125 0.279579
126 0.279378
127 0.279182
128 0.278988
129 0.278797
130 0.278606
131 0.278417
132 0.278228
133 0.278043
134 0.277858
135 0.277672
136 0.277489
137 0.277308
138 0.277130
139 0.276950
140 0.276772
141 0.276594
142 0.276419
143 0.276242
144 0.276069
145 0.275898
146 0.275727
147 0.275558
148 0.275387
149 0.275217
150 0.275050
151 0.274882
152 0.274716
153 0.274550
154 0.274386
155 0.274220
156 0.274056
157 0.273893
158 0.273732
159 0.273569
160 0.273409
161 0.273249
162 0.273092
163 0.272933
164 0.272776
165 0.272618
166 0.272465
167 0.272311
168 0.272157
169 0.272005
170 0.271852
171 0.271702
172 0.271553
173 0.271405
174 0.271255
175 0.271108
176 0.270962
177 0.270816
178 0.270671
179 0.270528
180 0.270384
181 0.270244
182 0.270102
183 0.269960
184 0.269819
185 0.269679
186 0.269541
187 0.269403
188 0.269265
189 0.269128
190 0.268991
191 0.268855
192 0.268720
193 0.268584
194 0.268450
195 0.268316
196 0.268182
197 0.268049
198 0.267916
199 0.267783
200 0.267651
201 0.267518
202 0.267386
203 0.267255
204 0.267123
205 0.266992
206 0.266860
207 0.266730
208 0.266602
209 0.266476
210 0.266347
211 0.266220
212 0.266093
213 0.265967
214 0.265838
215 0.265711
216 0.265587
217 0.265462
218 0.265338
219 0.265214
220 0.265089
221 0.264967
222 0.264843
223 0.264720
224 0.264600
225 0.264477
226 0.264356
227 0.264234
228 0.264113
229 0.263990
230 0.263868
231 0.263747
232 0.263626
233 0.263507
234 0.263388
235 0.263269
236 0.263150
237 0.263032
238 0.262914
239 0.262799
240 0.262682
241 0.262566
242 0.262450
243 0.262335
244 0.262219
245 0.262105
246 0.261990
247 0.261878
248 0.261764
249 0.261652
250 0.261537
251 0.261424
252 0.261313
253 0.261198
254 0.261087
255 0.260974
256 0.260862
257 0.260750
258 0.260639
259 0.260529
260 0.260419
261 0.260309
262 0.260199
263 0.260090
264 0.259982
265 0.259875
266 0.259768
267 0.259663
268 0.259556
269 0.259448
270 0.259342
271 0.259235
272 0.259131
273 0.259026
274 0.258920
275 0.258814
276 0.258708
277 0.258602
278 0.258498
279 0.258393
280 0.258289
281 0.258185
282 0.258083
283 0.257981
284 0.257878
285 0.257778
286 0.257673
287 0.257572
288 0.257469
289 0.257366
290 0.257264
291 0.257164
292 0.257063
293 0.256960
294 0.256858
295 0.256756
296 0.256653
297 0.256553
298 0.256453
299 0.256352
300 0.256252
301 0.256152
302 0.256052
303 0.255952
304 0.255851
305 0.255751
306 0.255652
307 0.255552
308 0.255453
309 0.255353
310 0.255254
311 0.255155
312 0.255057
313 0.254959
314 0.254861
315 0.254762
316 0.254663
317 0.254563
318 0.254465
319 0.254368
320 0.254271
321 0.254175
322 0.254077
323 0.253979
324 0.253881
325 0.253783
326 0.253687
327 0.253589
328 0.253490
329 0.253392
330 0.253296
331 0.253200
332 0.253102
333 0.253006
334 0.252910
335 0.252814
336 0.252718
337 0.252620
338 0.252524
339 0.252427
340 0.252329
341 0.252231
342 0.252133
343 0.252036
344 0.251940
345 0.251844
346 0.251746
347 0.251649
348 0.251552
349 0.251456
350 0.251359
351 0.251262
352 0.251163
353 0.251066
354 0.250967
355 0.250867
356 0.250766
357 0.250666
358 0.250565
359 0.250464
360 0.250360
361 0.250258
362 0.250156
363 0.250052
364 0.249947
365 0.249841
366 0.249737
367 0.249631
368 0.249527
369 0.249422
370 0.249316
371 0.249207
372 0.249097
373 0.248983
374 0.248864
375 0.248743
376 0.248621
377 0.248498
378 0.248371
379 0.248241
380 0.248106
381 0.247971
382 0.247829
383 0.247682
384 0.247531
385 0.247379
386 0.247222
387 0.247070
388 0.246918
389 0.246775
390 0.246635
391 0.246504
392 0.246381
393 0.246263
394 0.246146
395 0.246034
396 0.245926
397 0.245822
398 0.245715
399 0.245614
400 0.245512
401 0.245415
402 0.245318
403 0.245226
404 0.245131
405 0.245039
406 0.244944
407 0.244850
408 0.244756
409 0.244665
410 0.244574
411 0.244482
412 0.244387
413 0.244293
414 0.244199
415 0.244108
416 0.244016
417 0.243924
418 0.243833
419 0.243743
420 0.243652
421 0.243562
422 0.243472
423 0.243381
424 0.243287
425 0.243192
426 0.243097
427 0.243001
428 0.242900
429 0.242801
430 0.242693
431 0.242583
432 0.242469
433 0.242344
434 0.242215
435 0.242074
436 0.241926
437 0.241765
438 0.241590
439 0.241398
440 0.241192
441 0.240983
442 0.240787
443 0.240602
444 0.240427
445 0.240261
446 0.240106
447 0.239951
448 0.239797
449 0.239641
450 0.239488
451 0.239342
452 0.239203
453 0.239066
454 0.238930
455 0.238800
456 0.238677
457 0.238556
458 0.238437
459 0.238316
460 0.238200
461 0.238087
462 0.237974
463 0.237863
464 0.237751
465 0.237636
466 0.237524
467 0.237418
468 0.237312
469 0.237208
470 0.237107
471 0.237007
472 0.236910
473 0.236815
474 0.236721
475 0.236629
476 0.236537
477 0.236447
478 0.236358
479 0.236269
480 0.236180
481 0.236092
482 0.236003
483 0.235916
484 0.235830
485 0.235742
486 0.235657
487 0.235569
488 0.235485
489 0.235399
490 0.235312
491 0.235228
492 0.235141
493 0.235053
494 0.234967
495 0.234880
496 0.234793
497 0.234706
498 0.234621
499 0.234534
500 0.234448
501 0.234360
502 0.234271
503 0.234178
504 0.234077
505 0.233970
506 0.233863
507 0.233748
508 0.233611
509 0.233430
510 0.233170
511 0.232849
512 0.232515
513 0.232197
514 0.231896
515 0.231617
516 0.231355
517 0.231114
518 0.230888
519 0.230683
520 0.230495
521 0.230325
522 0.230162
523 0.230006
524 0.229855
525 0.229714
526 0.229576
527 0.229442
528 0.229308
529 0.229178
530 0.229053
531 0.228928
532 0.228804
533 0.228683
534 0.228567
535 0.228452
536 0.228340
537 0.228228
538 0.228118
539 0.228010
540 0.227903
541 0.227797
542 0.227690
543 0.227588
544 0.227486
545 0.227385
546 0.227282
547 0.227184
548 0.227086
549 0.226984
550 0.226885
551 0.226787
552 0.226692
553 0.226598
554 0.226502
555 0.226408
556 0.226316
557 0.226220
558 0.226129
559 0.226035
560 0.225941
561 0.225845
562 0.225753
563 0.225662
564 0.225572
565 0.225482
566 0.225392
567 0.225301
568 0.225212
569 0.225125
570 0.225038
571 0.224951
572 0.224867
573 0.224782
574 0.224698
575 0.224613
576 0.224530
577 0.224447
578 0.224363
579 0.224281
580 0.224197
581 0.224113
582 0.224030
583 0.223948
584 0.223865
585 0.223782
586 0.223700
587 0.223620
588 0.223539
589 0.223455
590 0.223375
591 0.223293
592 0.223211
593 0.223130
594 0.223051
595 0.222971
596 0.222892
597 0.222813
598 0.222733
599 0.222655
600 0.222575
601 0.222497
602 0.222419
603 0.222341
604 0.222261
605 0.222185
606 0.222106
607 0.222027
608 0.221946
609 0.221868
610 0.221789
611 0.221710
612 0.221632
613 0.221554
614 0.221477
615 0.221400
616 0.221323
617 0.221246
618 0.221169
619 0.221091
620 0.221014
621 0.220939
622 0.220864
623 0.220788
624 0.220713
625 0.220638
626 0.220564
627 0.220488
628 0.220415
629 0.220341
630 0.220266
631 0.220192
632 0.220119
633 0.220044
634 0.219971
635 0.219897
636 0.219822
637 0.219748
638 0.219674
639 0.219600
640 0.219526
641 0.219451
642 0.219375
643 0.219301
644 0.219224
645 0.219150
646 0.219075
647 0.219002
648 0.218928
649 0.218852
650 0.218778
651 0.218702
652 0.218626
653 0.218551
654 0.218476
655 0.218400
656 0.218326
657 0.218251
658 0.218177
659 0.218100
660 0.218025
661 0.217952
662 0.217873
663 0.217798
664 0.217723
665 0.217649
666 0.217571
667 0.217495
668 0.217420
669 0.217347
670 0.217272
671 0.217197
672 0.217123
673 0.217049
674 0.216976
675 0.216903
676 0.216831
677 0.216759
678 0.216684
679 0.216612
680 0.216538
681 0.216466
682 0.216389
683 0.216315
684 0.216240
685 0.216168
686 0.216095
687 0.216021
688 0.215947
689 0.215875
690 0.215803
691 0.215730
692 0.215657
693 0.215584
694 0.215513
695 0.215441
696 0.215369
697 0.215297
698 0.215226
699 0.215155
700 0.215084
701 0.215012
702 0.214942
703 0.214874
704 0.214804
705 0.214733
706 0.214661
707 0.214591
708 0.214519
709 0.214447
710 0.214375
711 0.214302
712 0.214230
713 0.214159
714 0.214089
715 0.214015
716 0.213943
717 0.213870
718 0.213798
719 0.213726
720 0.213654
721 0.213582
722 0.213510
723 0.213436
724 0.213364
725 0.213292
726 0.213221
727 0.213149
728 0.213078
729 0.213007
730 0.212936
731 0.212864
732 0.212793
733 0.212723
734 0.212652
735 0.212580
736 0.212507
737 0.212439
738 0.212366
739 0.212295
740 0.212221
741 0.212150
742 0.212079
743 0.212004
744 0.211932
745 0.211862
746 0.211789
747 0.211717
748 0.211646
749 0.211573
750 0.211503
751 0.211433
752 0.211362
753 0.211288
754 0.211214
755 0.211142
756 0.211069
757 0.210994
758 0.210920
759 0.210847
760 0.210774
761 0.210701
762 0.210630
763 0.210558
764 0.210486
765 0.210415
766 0.210342
767 0.210269
768 0.210195
769 0.210123
770 0.210051
771 0.209975
772 0.209900
773 0.209824
774 0.209748
775 0.209668
776 0.209589
777 0.209509
778 0.209431
779 0.209353
780 0.209276
781 0.209196
782 0.209120
783 0.209042
784 0.208964
785 0.208885
786 0.208808
787 0.208728
788 0.208648
789 0.208568
790 0.208487
791 0.208407
792 0.208325
793 0.208245
794 0.208164
795 0.208082
796 0.208001
797 0.207921
798 0.207841
799 0.207760
800 0.207675
801 0.207589
802 0.207500
803 0.207408
804 0.207317
805 0.207224
806 0.207126
807 0.207026
808 0.206926
809 0.206826
810 0.206726
811 0.206623
812 0.206518
813 0.206411
814 0.206304
815 0.206194
816 0.206078
817 0.205961
818 0.205831
819 0.205698
820 0.205564
821 0.205424
822 0.205283
823 0.205139
824 0.204996
825 0.204850
826 0.204704
827 0.204558
828 0.204411
829 0.204269
830 0.204129
831 0.203992
832 0.203855
833 0.203719
834 0.203583
835 0.203452
836 0.203324
837 0.203199
838 0.203076
839 0.202960
840 0.202841
841 0.202726
842 0.202616
843 0.202508
844 0.202400
845 0.202294
846 0.202190
847 0.202090
848 0.201992
849 0.201894
850 0.201797
851 0.201703
852 0.201609
853 0.201518
854 0.201426
855 0.201335
856 0.201245
857 0.201156
858 0.201067
859 0.200978
860 0.200890
861 0.200802
862 0.200715
863 0.200629
864 0.200544
865 0.200458
866 0.200372
867 0.200285
868 0.200199
869 0.200114
870 0.200030
871 0.199946
872 0.199862
873 0.199779
874 0.199695
875 0.199611
876 0.199529
877 0.199444
878 0.199359
879 0.199275
880 0.199191
881 0.199107
882 0.199024
883 0.198942
884 0.198861
885 0.198780
886 0.198700
887 0.198620
888 0.198539
889 0.198461
890 0.198382
891 0.198305
892 0.198224
893 0.198146
894 0.198068
895 0.197990
896 0.197911
897 0.197832
898 0.197755
899 0.197676
900 0.197597
901 0.197519
902 0.197443
903 0.197366
904 0.197289
905 0.197213
906 0.197138
907 0.197063
908 0.196986
909 0.196913
910 0.196838
911 0.196762
912 0.196688
913 0.196614
914 0.196540
915 0.196467
916 0.196392
917 0.196319
918 0.196244
919 0.196170
920 0.196097
921 0.196022
922 0.195948
923 0.195874
924 0.195801
925 0.195726
926 0.195652
927 0.195579
928 0.195508
929 0.195437
930 0.195364
931 0.195293
932 0.195220
933 0.195148
934 0.195077
935 0.195007
936 0.194935
937 0.194865
938 0.194794
939 0.194722
940 0.194650
941 0.194580
942 0.194510
943 0.194439
944 0.194369
945 0.194299
946 0.194229
947 0.194160
948 0.194090
949 0.194022
950 0.193953
951 0.193883
952 0.193815
953 0.193746
954 0.193677
955 0.193607
956 0.193538
957 0.193469
958 0.193398
959 0.193330
960 0.193259
961 0.193189
962 0.193120
963 0.193052
964 0.192981
965 0.192912
966 0.192841
967 0.192771
968 0.192701
969 0.192630
970 0.192557
971 0.192485
972 0.192415
973 0.192343
974 0.192272
975 0.192201
976 0.192129
977 0.192058
978 0.191988
979 0.191916
980 0.191845
981 0.191772
982 0.191699
983 0.191627
984 0.191555
985 0.191479
986 0.191405
987 0.191328
988 0.191253
989 0.191179
990 0.191105
991 0.191031
992 0.190957
993 0.190884
994 0.190810
995 0.190735
996 0.190662
997 0.190592
998 0.190520
999 0.190448
1000 0.190374
1001 0.190300
1002 0.190226
1003 0.190151
1004 0.190076
1005 0.190004
1006 0.189929
1007 0.189854
1008 0.189778
1009 0.189700
1010 0.189625
1011 0.189549
1012 0.189474
1013 0.189399
1014 0.189323
1015 0.189245
1016 0.189166
1017 0.189089
1018 0.189009
1019 0.188929
1020 0.188850
1021 0.188771
1022 0.188691
1023 0.188610
1024 0.188530
1025 0.188449
1026 0.188370
1027 0.188291
1028 0.188212
1029 0.188128
1030 0.188044
1031 0.187955
1032 0.187864
1033 0.187771
1034 0.187680
1035 0.187588
1036 0.187499
1037 0.187407
1038 0.187316
1039 0.187226
1040 0.187137
1041 0.187050
1042 0.186964
1043 0.186874
1044 0.186787
1045 0.186699
1046 0.186611
1047 0.186524
1048 0.186434
1049 0.186346
1050 0.186257
1051 0.186168
1052 0.186080
1053 0.185988
1054 0.185897
1055 0.185809
1056 0.185722
1057 0.185632
1058 0.185544
1059 0.185457
1060 0.185369
1061 0.185283
1062 0.185197
1063 0.185112
1064 0.185027
1065 0.184941
1066 0.184856
1067 0.184771
1068 0.184686
1069 0.184602
1070 0.184517
1071 0.184434
1072 0.184351
1073 0.184268
1074 0.184187
1075 0.184103
1076 0.184020
1077 0.183938
1078 0.183856
1079 0.183775
1080 0.183694
1081 0.183614
1082 0.183533
1083 0.183454
1084 0.183376
1085 0.183300
1086 0.183221
1087 0.183143
1088 0.183064
1089 0.182986
1090 0.182908
1091 0.182831
1092 0.182755
1093 0.182678
1094 0.182601
1095 0.182524
1096 0.182447
1097 0.182368
1098 0.182290
1099 0.182212
1100 0.182136
1101 0.182059
1102 0.181982
1103 0.181905
1104 0.181828
1105 0.181753
1106 0.181680
1107 0.181605
1108 0.181530
1109 0.181457
1110 0.181382
1111 0.181309
1112 0.181235
1113 0.181164
1114 0.181090
1115 0.181019
1116 0.180947
1117 0.180876
1118 0.180803
1119 0.180731
1120 0.180660
1121 0.180589
1122 0.180518
1123 0.180447
1124 0.180377
1125 0.180307
1126 0.180237
1127 0.180167
1128 0.180097
1129 0.180028
1130 0.179958
1131 0.179889
1132 0.179822
1133 0.179751
1134 0.179681
1135 0.179612
1136 0.179542
1137 0.179473
1138 0.179403
1139 0.179335
1140 0.179264
1141 0.179196
1142 0.179126
1143 0.179059
1144 0.178989
1145 0.178920
1146 0.178852
1147 0.178783
1148 0.178715
1149 0.178648
1150 0.178580
1151 0.178512
1152 0.178447
1153 0.178379
1154 0.178311
1155 0.178246
1156 0.178179
1157 0.178114
1158 0.178047
1159 0.177980
1160 0.177914
1161 0.177846
1162 0.177781
1163 0.177713
1164 0.177646
1165 0.177578
1166 0.177511
1167 0.177443
1168 0.177374
1169 0.177305
1170 0.177237
1171 0.177169
1172 0.177100
1173 0.177030
1174 0.176960
1175 0.176889
1176 0.176817
1177 0.176746
1178 0.176674
1179 0.176603
1180 0.176533
1181 0.176463
1182 0.176393
1183 0.176323
1184 0.176252
1185 0.176182
1186 0.176113
1187 0.176040
1188 0.175971
1189 0.175898
1190 0.175827
1191 0.175757
1192 0.175689
1193 0.175621
1194 0.175553
1195 0.175487
1196 0.175418
1197 0.175351
1198 0.175284
1199 0.175217
1200 0.175151
1201 0.175084
1202 0.175018
1203 0.174952
1204 0.174886
1205 0.174819
1206 0.174754
1207 0.174686
1208 0.174621
1209 0.174556
1210 0.174491
1211 0.174428
1212 0.174363
1213 0.174299
1214 0.174234
1215 0.174172
1216 0.174109
1217 0.174046
1218 0.173984
1219 0.173921
1220 0.173861
1221 0.173800
1222 0.173738
1223 0.173676
1224 0.173615
1225 0.173553
1226 0.173493
1227 0.173434
1228 0.173374
1229 0.173315
1230 0.173254
1231 0.173194
1232 0.173136
1233 0.173075
1234 0.173018
1235 0.172958
1236 0.172898
1237 0.172841
1238 0.172782
1239 0.172725
1240 0.172668
1241 0.172608
1242 0.172552
1243 0.172495
1244 0.172439
1245 0.172382
1246 0.172325
1247 0.172269
1248 0.172213
1249 0.172157
1250 0.172101
1251 0.172046
1252 0.171990
1253 0.171936
1254 0.171880
1255 0.171825
1256 0.171771
1257 0.171716
1258 0.171663
1259 0.171609
1260 0.171555
1261 0.171501
1262 0.171448
1263 0.171394
1264 0.171340
1265 0.171287
1266 0.171234
1267 0.171181
1268 0.171128
1269 0.171076
1270 0.171023
1271 0.170971
1272 0.170919
1273 0.170868
1274 0.170816
1275 0.170764
1276 0.170713
1277 0.170661
1278 0.170610
1279 0.170558
1280 0.170507
1281 0.170456
1282 0.170405
1283 0.170355
1284 0.170304
1285 0.170253
1286 0.170203
1287 0.170153
1288 0.170102
1289 0.170052
1290 0.170003
1291 0.169952
1292 0.169901
1293 0.169851
1294 0.169802
1295 0.169753
1296 0.169703
1297 0.169653
1298 0.169605
1299 0.169556
1300 0.169507
1301 0.169458
1302 0.169410
1303 0.169361
1304 0.169312
1305 0.169263
1306 0.169214
1307 0.169167
1308 0.169119
1309 0.169071
1310 0.169024
1311 0.168976
1312 0.168930
1313 0.168881
1314 0.168836
1315 0.168788
1316 0.168742
1317 0.168694
1318 0.168648
1319 0.168602
1320 0.168556
1321 0.168509
1322 0.168464
1323 0.168417
1324 0.168370
1325 0.168324
1326 0.168277
1327 0.168231
1328 0.168185
1329 0.168139
1330 0.168092
1331 0.168049
1332 0.168002
1333 0.167958
1334 0.167912
1335 0.167869
1336 0.167822
1337 0.167778
1338 0.167733
1339 0.167689
1340 0.167645
1341 0.167600
1342 0.167557
1343 0.167513
1344 0.167469
1345 0.167425
1346 0.167382
1347 0.167338
1348 0.167295
1349 0.167251
1350 0.167208
1351 0.167166
1352 0.167122
1353 0.167079
1354 0.167037
1355 0.166994
1356 0.166953
1357 0.166910
1358 0.166867
1359 0.166824
1360 0.166783
1361 0.166741
1362 0.166700
1363 0.166658
1364 0.166615
1365 0.166572
1366 0.166530
1367 0.166488
1368 0.166446
1369 0.166405
1370 0.166363
1371 0.166321
1372 0.166280
1373 0.166239
1374 0.166197
1375 0.166156
1376 0.166114
1377 0.166072
1378 0.166030
1379 0.165989
1380 0.165949
1381 0.165907
1382 0.165867
1383 0.165824
1384 0.165784
1385 0.165743
1386 0.165700
1387 0.165660
1388 0.165619
1389 0.165578
1390 0.165538
1391 0.165497
1392 0.165456
1393 0.165414
1394 0.165375
1395 0.165333
1396 0.165293
1397 0.165254
1398 0.165213
1399 0.165174
1400 0.165133
1401 0.165094
1402 0.165054
1403 0.165014
1404 0.164976
1405 0.164936
1406 0.164896
1407 0.164858
1408 0.164817
1409 0.164779
1410 0.164740
1411 0.164701
1412 0.164662
1413 0.164621
1414 0.164584
1415 0.164544
1416 0.164507
1417 0.164467
1418 0.164429
1419 0.164392
1420 0.164352
1421 0.164314
1422 0.164276
1423 0.164237
1424 0.164200
1425 0.164162
1426 0.164125
1427 0.164087
1428 0.164047
1429 0.164010
1430 0.163974
1431 0.163935
1432 0.163897
1433 0.163860
1434 0.163822
1435 0.163784
1436 0.163748
1437 0.163711
1438 0.163674
1439 0.163638
1440 0.163601
1441 0.163563
1442 0.163527
1443 0.163491
1444 0.163454
1445 0.163418
1446 0.163382
1447 0.163345
1448 0.163308
1449 0.163272
1450 0.163235
1451 0.163198
1452 0.163163
1453 0.163127
1454 0.163090
1455 0.163054
1456 0.163018
1457 0.162981
1458 0.162945
1459 0.162908
1460 0.162873
1461 0.162836
1462 0.162801
1463 0.162764
1464 0.162728
1465 0.162693
1466 0.162658
1467 0.162622
1468 0.162587
1469 0.162551
1470 0.162516
1471 0.162480
1472 0.162446
1473 0.162410
1474 0.162375
1475 0.162340
1476 0.162305
1477 0.162271
1478 0.162236
1479 0.162201
1480 0.162167
1481 0.162132
1482 0.162098
1483 0.162063
1484 0.162028
1485 0.161994
1486 0.161959
1487 0.161925
1488 0.161891
1489 0.161857
1490 0.161822
1491 0.161789
1492 0.161754
1493 0.161720
1494 0.161684
1495 0.161651
1496 0.161617
1497 0.161583
1498 0.161550
1499 0.161514
1500 0.161480
1501 0.161446
1502 0.161412
1503 0.161379
1504 0.161344
1505 0.161312
1506 0.161277
1507 0.161242
1508 0.161209
1509 0.161176
1510 0.161142
1511 0.161110
1512 0.161076
1513 0.161043
1514 0.161010
1515 0.160977
1516 0.160943
1517 0.160910
1518 0.160877
1519 0.160844
1520 0.160810
1521 0.160779
1522 0.160745
1523 0.160712
1524 0.160678
1525 0.160648
1526 0.160612
1527 0.160581
1528 0.160549
1529 0.160515
1530 0.160482
1531 0.160449
1532 0.160415
1533 0.160382
1534 0.160349
1535 0.160314
1536 0.160283
1537 0.160249
1538 0.160215
1539 0.160182
1540 0.160148
1541 0.160115
1542 0.160082
1543 0.160049
1544 0.160013
1545 0.159979
1546 0.159944
1547 0.159912
1548 0.159879
1549 0.159846
1550 0.159813
1551 0.159778
1552 0.159743
1553 0.159708
1554 0.159674
1555 0.159639
1556 0.159604
1557 0.159569
1558 0.159537
1559 0.159503
1560 0.159468
1561 0.159433
1562 0.159400
1563 0.159366
1564 0.159332
1565 0.159297
1566 0.159264
1567 0.159230
1568 0.159196
1569 0.159163
1570 0.159129
1571 0.159096
1572 0.159063
1573 0.159031
1574 0.158997
1575 0.158964
1576 0.158931
1577 0.158898
1578 0.158865
1579 0.158832
1580 0.158800
1581 0.158767
1582 0.158734
1583 0.158703
1584 0.158669
1585 0.158638
1586 0.158605
1587 0.158574
1588 0.158542
1589 0.158510
1590 0.158478
1591 0.158447
1592 0.158415
1593 0.158383
1594 0.158351
1595 0.158319
1596 0.158290
1597 0.158256
1598 0.158226
1599 0.158194
1600 0.158162
1601 0.158130
1602 0.158099
1603 0.158068
1604 0.158036
1605 0.158005
1606 0.157974
1607 0.157943
1608 0.157911
1609 0.157881
1610 0.157849
1611 0.157817
1612 0.157786
1613 0.157754
1614 0.157724
1615 0.157692
1616 0.157660
1617 0.157627
1618 0.157596
1619 0.157564
1620 0.157532
1621 0.157501
1622 0.157469
1623 0.157440
1624 0.157407
1625 0.157375
1626 0.157343
1627 0.157312
1628 0.157277
1629 0.157246
1630 0.157213
1631 0.157183
1632 0.157154
1633 0.157122
1634 0.157091
1635 0.157061
1636 0.157029
1637 0.156998
1638 0.156970
1639 0.156938
1640 0.156908
1641 0.156878
1642 0.156847
1643 0.156816
1644 0.156786
1645 0.156756
1646 0.156727
1647 0.156696
1648 0.156666
1649 0.156637
1650 0.156608
1651 0.156577
1652 0.156548
1653 0.156518
1654 0.156489
1655 0.156461
1656 0.156429
1657 0.156400
1658 0.156370
1659 0.156341
1660 0.156312
1661 0.156283
1662 0.156253
1663 0.156224
1664 0.156196
1665 0.156166
1666 0.156137
1667 0.156108
1668 0.156079
1669 0.156050
1670 0.156022
1671 0.155993
1672 0.155963
1673 0.155935
1674 0.155906
1675 0.155877
1676 0.155849
1677 0.155820
1678 0.155791
1679 0.155762
1680 0.155732
1681 0.155703
1682 0.155676
1683 0.155646
1684 0.155618
1685 0.155590
1686 0.155561
1687 0.155533
1688 0.155505
1689 0.155476
1690 0.155449
1691 0.155420
1692 0.155392
1693 0.155364
1694 0.155337
1695 0.155308
1696 0.155280
1697 0.155253
1698 0.155225
1699 0.155197
1700 0.155168
1701 0.155141
1702 0.155113
1703 0.155085
1704 0.155057
1705 0.155030
1706 0.155002
1707 0.154975
1708 0.154947
1709 0.154920
1710 0.154892
1711 0.154865
1712 0.154837
1713 0.154809
1714 0.154780
1715 0.154754
1716 0.154726
1717 0.154701
1718 0.154673
1719 0.154646
1720 0.154619
1721 0.154590
1722 0.154562
1723 0.154535
1724 0.154508
1725 0.154480
1726 0.154452
1727 0.154425
1728 0.154397
1729 0.154370
1730 0.154342
1731 0.154315
1732 0.154288
1733 0.154260
1734 0.154233
1735 0.154208
1736 0.154180
1737 0.154151
1738 0.154124
1739 0.154096
1740 0.154068
1741 0.154041
1742 0.154014
1743 0.153986
1744 0.153959
1745 0.153932
1746 0.153904
1747 0.153877
1748 0.153849
1749 0.153822
1750 0.153795
1751 0.153766
1752 0.153739
1753 0.153709
1754 0.153681
1755 0.153653
1756 0.153624
1757 0.153595
1758 0.153566
1759 0.153539
1760 0.153510
1761 0.153483
1762 0.153456
1763 0.153428
1764 0.153400
1765 0.153374
1766 0.153345
1767 0.153319
1768 0.153291
1769 0.153264
1770 0.153237
1771 0.153209
1772 0.153182
1773 0.153155
1774 0.153128
1775 0.153101
1776 0.153075
1777 0.153048
1778 0.153021
1779 0.152995
1780 0.152968
1781 0.152943
1782 0.152915
1783 0.152889
1784 0.152864
1785 0.152838
1786 0.152812
1787 0.152786
1788 0.152757
1789 0.152733
1790 0.152705
1791 0.152678
1792 0.152653
1793 0.152628
1794 0.152600
1795 0.152573
1796 0.152548
1797 0.152521
1798 0.152495
1799 0.152470
1800 0.152442
1801 0.152418
1802 0.152391
1803 0.152366
1804 0.152340
1805 0.152313
1806 0.152290
1807 0.152264
1808 0.152238
1809 0.152212
1810 0.152185
1811 0.152161
1812 0.152136
1813 0.152111
1814 0.152085
1815 0.152060
1816 0.152034
1817 0.152010
1818 0.151983
1819 0.151959
1820 0.151934
1821 0.151909
1822 0.151882
1823 0.151857
1824 0.151833
1825 0.151807
1826 0.151782
1827 0.151757
1828 0.151731
1829 0.151706
1830 0.151681
1831 0.151657
1832 0.151631
1833 0.151608
1834 0.151581
1835 0.151556
1836 0.151532
1837 0.151506
1838 0.151482
1839 0.151456
1840 0.151432
1841 0.151406
1842 0.151382
1843 0.151356
1844 0.151333
1845 0.151309
1846 0.151282
1847 0.151259
1848 0.151233
1849 0.151209
1850 0.151183
1851 0.151160
1852 0.151134
1853 0.151111
1854 0.151085
1855 0.151063
1856 0.151037
1857 0.151014
1858 0.150989
1859 0.150964
1860 0.150941
1861 0.150915
1862 0.150892
1863 0.150867
1864 0.150844
1865 0.150818
1866 0.150796
1867 0.150770
1868 0.150748
1869 0.150723
1870 0.150698
1871 0.150676
1872 0.150652
1873 0.150628
1874 0.150603
1875 0.150578
1876 0.150555
1877 0.150530
1878 0.150507
1879 0.150483
1880 0.150457
1881 0.150435
1882 0.150410
1883 0.150387
1884 0.150362
1885 0.150339
1886 0.150313
1887 0.150290
1888 0.150268
1889 0.150241
1890 0.150220
1891 0.150194
1892 0.150172
1893 0.150146
1894 0.150125
1895 0.150100
1896 0.150077
1897 0.150054
1898 0.150029
1899 0.150008
1900 0.149982
1901 0.149960
1902 0.149937
1903 0.149910
1904 0.149889
1905 0.149862
1906 0.149843
1907 0.149817
1908 0.149793
1909 0.149770
1910 0.149748
1911 0.149723
1912 0.149699
1913 0.149676
1914 0.149652
1915 0.149629
1916 0.149605
1917 0.149581
1918 0.149559
1919 0.149535
1920 0.149512
1921 0.149489
1922 0.149466
1923 0.149443
1924 0.149420
1925 0.149398
1926 0.149375
1927 0.149352
1928 0.149331
1929 0.149307
1930 0.149284
1931 0.149262
1932 0.149239
1933 0.149214
1934 0.149193
1935 0.149169
1936 0.149147
1937 0.149124
1938 0.149100
1939 0.149079
1940 0.149055
1941 0.149033
1942 0.149011
1943 0.148986
1944 0.148963
1945 0.148940
1946 0.148916
1947 0.148895
1948 0.148873
1949 0.148849
1950 0.148826
1951 0.148804
1952 0.148782
1953 0.148758
1954 0.148736
1955 0.148713
1956 0.148689
1957 0.148667
1958 0.148646
1959 0.148622
1960 0.148601
1961 0.148577
1962 0.148554
1963 0.148534
1964 0.148510
1965 0.148488
1966 0.148465
1967 0.148445
1968 0.148420
1969 0.148398
1970 0.148375
1971 0.148354
1972 0.148328
1973 0.148307
1974 0.148286
1975 0.148262
1976 0.148241
1977 0.148217
1978 0.148194
1979 0.148173
1980 0.148150
1981 0.148127
1982 0.148101
1983 0.148080
1984 0.148055
1985 0.148034
1986 0.148008
1987 0.147988
1988 0.147963
1989 0.147941
1990 0.147918
1991 0.147897
1992 0.147872
1993 0.147851
1994 0.147827
1995 0.147806
1996 0.147782
1997 0.147761
1998 0.147737
1999 0.147716
2000 0.147694
2001 0.147668
2002 0.147647
2003 0.147624
2004 0.147602
2005 0.147579
2006 0.147557
2007 0.147534
2008 0.147510
2009 0.147490
2010 0.147466
2011 0.147444
2012 0.147422
2013 0.147398
2014 0.147373
2015 0.147352
2016 0.147329
2017 0.147307
2018 0.147284
2019 0.147261
2020 0.147237
2021 0.147215
2022 0.147192
2023 0.147169
2024 0.147148
2025 0.147124
2026 0.147104
2027 0.147081
2028 0.147058
2029 0.147037
2030 0.147013
2031 0.146991
2032 0.146969
2033 0.146947
2034 0.146924
2035 0.146901
2036 0.146879
2037 0.146858
2038 0.146834
2039 0.146812
2040 0.146789
2041 0.146766
2042 0.146745
2043 0.146723
2044 0.146701
2045 0.146679
2046 0.146656
2047 0.146635
2048 0.146613
2049 0.146589
2050 0.146566
2051 0.146543
2052 0.146520
2053 0.146498
2054 0.146475
2055 0.146452
2056 0.146430
2057 0.146408
2058 0.146385
2059 0.146363
2060 0.146341
2061 0.146320
2062 0.146297
2063 0.146276
2064 0.146252
2065 0.146229
2066 0.146208
2067 0.146186
2068 0.146164
2069 0.146145
2070 0.146123
2071 0.146099
2072 0.146078
2073 0.146056
2074 0.146034
2075 0.146015
2076 0.145993
2077 0.145971
2078 0.145948
2079 0.145928
2080 0.145907
2081 0.145884
2082 0.145863
2083 0.145843
2084 0.145820
2085 0.145798
2086 0.145778
2087 0.145755
2088 0.145735
2089 0.145712
2090 0.145692
2091 0.145669
2092 0.145650
2093 0.145627
2094 0.145607
2095 0.145585
2096 0.145564
2097 0.145542
2098 0.145523
2099 0.145500
2100 0.145480
2101 0.145458
2102 0.145438
2103 0.145415
2104 0.145397
2105 0.145373
2106 0.145354
2107 0.145331
2108 0.145312
2109 0.145289
2110 0.145270
2111 0.145247
2112 0.145228
2113 0.145205
2114 0.145186
2115 0.145163
2116 0.145144
2117 0.145122
2118 0.145102
2119 0.145081
2120 0.145061
2121 0.145041
2122 0.145018
2123 0.145000
2124 0.144977
2125 0.144959
2126 0.144936
2127 0.144918
2128 0.144895
2129 0.144876
2130 0.144854
2131 0.144834
2132 0.144813
2133 0.144793
2134 0.144771
2135 0.144751
2136 0.144730
2137 0.144711
2138 0.144690
2139 0.144671
2140 0.144652
2141 0.144628
2142 0.144611
2143 0.144588
2144 0.144569
2145 0.144548
2146 0.144529
2147 0.144507
2148 0.144489
2149 0.144467
2150 0.144448
2151 0.144427
2152 0.144408
2153 0.144386
2154 0.144368
2155 0.144349
2156 0.144326
2157 0.144308
2158 0.144287
2159 0.144268
2160 0.144247
2161 0.144230
2162 0.144207
2163 0.144190
2164 0.144167
2165 0.144150
2166 0.144129
2167 0.144111
2168 0.144090
2169 0.144072
2170 0.144051
2171 0.144032
2172 0.144013
2173 0.143993
2174 0.143974
2175 0.143953
2176 0.143935
2177 0.143913
2178 0.143895
2179 0.143876
2180 0.143857
2181 0.143838
2182 0.143818
2183 0.143800
2184 0.143778
2185 0.143762
2186 0.143740
2187 0.143723
2188 0.143701
2189 0.143685
2190 0.143665
2191 0.143644
2192 0.143626
2193 0.143606
2194 0.143589
2195 0.143567
2196 0.143551
2197 0.143529
2198 0.143513
2199 0.143491
2200 0.143474
2201 0.143453
2202 0.143436
2203 0.143415
2204 0.143398
2205 0.143378
2206 0.143361
2207 0.143340
2208 0.143324
2209 0.143303
2210 0.143285
2211 0.143266
2212 0.143245
2213 0.143228
2214 0.143206
2215 0.143189
2216 0.143170
2217 0.143148
2218 0.143132
2219 0.143109
2220 0.143093
2221 0.143074
2222 0.143053
2223 0.143037
2224 0.143017
2225 0.142997
2226 0.142980
2227 0.142961
2228 0.142941
2229 0.142923
2230 0.142904
2231 0.142884
2232 0.142867
2233 0.142848
2234 0.142828
2235 0.142810
2236 0.142790
2237 0.142773
2238 0.142754
2239 0.142734
2240 0.142717
2241 0.142699
2242 0.142678
2243 0.142661
2244 0.142640
2245 0.142625
2246 0.142605
2247 0.142585
2248 0.142568
2249 0.142550
2250 0.142530
2251 0.142513
2252 0.142495
2253 0.142475
2254 0.142457
2255 0.142438
2256 0.142421
2257 0.142404
2258 0.142383
2259 0.142367
2260 0.142346
2261 0.142329
2262 0.142311
2263 0.142293
2264 0.142273
2265 0.142257
2266 0.142237
2267 0.142221
2268 0.142201
2269 0.142185
2270 0.142165
2271 0.142149
2272 0.142129
2273 0.142113
2274 0.142093
2275 0.142077
2276 0.142057
2277 0.142041
2278 0.142021
2279 0.142004
2280 0.141985
2281 0.141968
2282 0.141949
2283 0.141929
2284 0.141912
2285 0.141893
2286 0.141875
2287 0.141857
2288 0.141839
2289 0.141819
2290 0.141799
2291 0.141781
2292 0.141761
2293 0.141743
2294 0.141724
2295 0.141703
2296 0.141686
2297 0.141666
2298 0.141648
2299 0.141629
2300 0.141609
2301 0.141587
2302 0.141566
2303 0.141543
2304 0.141520
2305 0.141496
2306 0.141470
2307 0.141443
2308 0.141408
2309 0.141365
2310 0.141316
2311 0.141243
2312 0.141121
2313 0.140980
2314 0.140885
2315 0.140803
2316 0.140718
2317 0.140636
2318 0.140568
2319 0.140516
2320 0.140472
2321 0.140434
2322 0.140400
2323 0.140369
2324 0.140340
2325 0.140313
2326 0.140286
2327 0.140259
2328 0.140233
2329 0.140207
2330 0.140183
2331 0.140160
2332 0.140133
2333 0.140110
2334 0.140085
2335 0.140062
2336 0.140040
2337 0.140017
2338 0.139995
2339 0.139974
2340 0.139954
2341 0.139931
2342 0.139910
2343 0.139889
2344 0.139868
2345 0.139847
2346 0.139827
2347 0.139807
2348 0.139786
2349 0.139765
2350 0.139745
2351 0.139725
2352 0.139704
2353 0.139684
2354 0.139665
2355 0.139645
2356 0.139626
2357 0.139606
2358 0.139586
2359 0.139566
2360 0.139548
2361 0.139528
2362 0.139508
2363 0.139489
2364 0.139469
2365 0.139452
2366 0.139432
2367 0.139414
2368 0.139394
2369 0.139376
2370 0.139357
2371 0.139338
2372 0.139320
2373 0.139301
2374 0.139282
2375 0.139262
2376 0.139242
2377 0.139225
2378 0.139204
2379 0.139185
2380 0.139168
2381 0.139148
2382 0.139129
2383 0.139110
2384 0.139089
2385 0.139070
2386 0.139048
2387 0.139029
2388 0.139008
2389 0.138989
2390 0.138969
2391 0.138948
2392 0.138930
2393 0.138910
2394 0.138891
2395 0.138870
2396 0.138849
2397 0.138830
2398 0.138810
2399 0.138789
2400 0.138770
2401 0.138750
2402 0.138732
2403 0.138711
2404 0.138692
2405 0.138674
2406 0.138652
2407 0.138634
2408 0.138614
2409 0.138596
2410 0.138575
2411 0.138554
2412 0.138536
2413 0.138517
2414 0.138496
2415 0.138479
2416 0.138457
2417 0.138440
2418 0.138419
2419 0.138402
2420 0.138382
2421 0.138365
2422 0.138347
2423 0.138329
2424 0.138311
2425 0.138290
2426 0.138271
2427 0.138254
2428 0.138237
2429 0.138218
2430 0.138200
2431 0.138181
2432 0.138161
2433 0.138143
2434 0.138125
2435 0.138107
2436 0.138088
2437 0.138071
2438 0.138052
2439 0.138035
2440 0.138017
2441 0.137999
2442 0.137983
2443 0.137966
2444 0.137946
2445 0.137931
2446 0.137914
2447 0.137896
2448 0.137876
2449 0.137860
2450 0.137841
2451 0.137823
2452 0.137805
2453 0.137788
2454 0.137771
2455 0.137753
2456 0.137734
2457 0.137718
2458 0.137699
2459 0.137684
2460 0.137666
2461 0.137649
2462 0.137629
2463 0.137612
2464 0.137593
2465 0.137578
2466 0.137560
2467 0.137544
2468 0.137526
2469 0.137509
2470 0.137490
2471 0.137472
2472 0.137454
2473 0.137438
2474 0.137419
2475 0.137403
2476 0.137384
2477 0.137367
2478 0.137348
2479 0.137329
2480 0.137315
2481 0.137297
2482 0.137280
2483 0.137264
2484 0.137246
2485 0.137228
2486 0.137212
2487 0.137195
2488 0.137176
2489 0.137158
2490 0.137142
2491 0.137125
2492 0.137108
2493 0.137092
2494 0.137074
2495 0.137057
2496 0.137041
2497 0.137025
2498 0.137008
2499 0.136991
2500 0.136975
2501 0.136959
2502 0.136941
2503 0.136924
2504 0.136908
2505 0.136891
2506 0.136875
2507 0.136857
2508 0.136841
2509 0.136824
2510 0.136808
2511 0.136791
2512 0.136774
2513 0.136758
2514 0.136740
2515 0.136723
2516 0.136711
2517 0.136694
2518 0.136676
2519 0.136661
2520 0.136643
2521 0.136627
2522 0.136611
2523 0.136596
2524 0.136579
2525 0.136561
2526 0.136544
2527 0.136529
2528 0.136513
2529 0.136495
2530 0.136480
2531 0.136465
2532 0.136447
2533 0.136430
2534 0.136417
2535 0.136400
2536 0.136384
2537 0.136370
2538 0.136350
2539 0.136334
2540 0.136319
2541 0.136302
2542 0.136287
2543 0.136271
2544 0.136254
2545 0.136239
2546 0.136224
2547 0.136207
2548 0.136192
2549 0.136175
2550 0.136157
2551 0.136143
2552 0.136127
2553 0.136109
2554 0.136092
2555 0.136079
2556 0.136063
2557 0.136044
2558 0.136028
2559 0.136012
2560 0.135997
2561 0.135980
2562 0.135964
2563 0.135948
2564 0.135933
2565 0.135918
2566 0.135901
2567 0.135885
2568 0.135869
2569 0.135852
2570 0.135837
2571 0.135821
2572 0.135807
2573 0.135792
2574 0.135776
2575 0.135759
2576 0.135746
2577 0.135730
2578 0.135713
2579 0.135699
2580 0.135681
2581 0.135665
2582 0.135650
2583 0.135634
2584 0.135619
2585 0.135603
2586 0.135588
2587 0.135573
2588 0.135556
2589 0.135540
2590 0.135527
2591 0.135512
2592 0.135496
2593 0.135478
2594 0.135463
2595 0.135449
2596 0.135433
2597 0.135417
2598 0.135403
2599 0.135387
2600 0.135371
2601 0.135357
2602 0.135343
2603 0.135326
2604 0.135310
2605 0.135295
2606 0.135280
2607 0.135264
2608 0.135250
2609 0.135234
2610 0.135221
2611 0.135206
2612 0.135189
2613 0.135176
2614 0.135159
2615 0.135145
2616 0.135128
2617 0.135115
2618 0.135101
2619 0.135084
2620 0.135070
2621 0.135055
2622 0.135039
2623 0.135026
2624 0.135009
2625 0.134996
2626 0.134980
2627 0.134967
2628 0.134952
2629 0.134936
2630 0.134922
2631 0.134907
2632 0.134892
2633 0.134879
2634 0.134863
2635 0.134848
2636 0.134833
2637 0.134820
2638 0.134806
2639 0.134788
2640 0.134775
2641 0.134761
2642 0.134746
2643 0.134732
2644 0.134716
2645 0.134702
2646 0.134689
2647 0.134674
2648 0.134658
2649 0.134649
