4000
-0.763861  -0.350844  0
0.078732  -0.551204  1
-0.079502  0.975794  3
-0.872499  0.134298  3
-0.912780  -0.663018  1
0.413105  -0.635916  1
-0.050138  0.778194  3
0.649676  -0.636832  1
-0.694669  0.738997  0
0.623109  -0.777649  1
0.189335  -0.417503  0
-0.524777  -0.882392  1
-0.248289  0.332720  1
0.295140  -0.517839  1
0.811167  0.789446  0
-0.129666  -0.952694  2
-0.561398  0.949067  3
-0.503899  0.359100  1
0.924861  -0.376397  0
-0.506603  -0.987919  2
-0.039416  0.906502  3
-0.623835  0.910446  0
0.684696  -0.974159  3
-0.726386  0.990028  3
0.764839  0.896723  2
-0.787622  -0.045826  2
-0.520780  -0.312398  0
0.071782  0.230931  2
-0.979679  -0.633078  2
0.713091  0.831488  0
-0.843632  -0.416574  0
0.878794  -0.405030  0
-0.467508  -0.625105  1
0.954069  -0.542647  3
-0.001502  -0.552533  2
-0.530566  0.959082  3
-0.646031  -0.154401  0
0.869528  -0.961335  3
-0.128560  -0.856858  2
-0.971307  -0.363721  2
-0.960136  -0.758929  2
0.590453  -0.480916  0
-0.071327  -0.337766  2
0.750015  -0.051006  3
0.029156  0.463106  2
-0.219518  0.185524  1
-0.953468  -0.340724  2
0.780493  -0.420976  0
0.034171  0.734563  2
0.036377  -0.967331  3
-0.817970  0.505810  0
0.991751  -0.464001  3
-0.648591  0.861279  0
-0.425336  0.222850  1
-0.995579  -0.396644  2
0.859129  -0.955714  3
-0.155573  0.449581  1
-0.436630  0.773100  0
-0.888185  -0.686616  1
-0.277906  0.140971  1
0.776490  0.502577  0
-0.673505  0.823022  0
-0.838147  -0.893011  2
-0.597954  0.196024  1
0.841552  0.438422  1
0.228693  -0.976419  3
-0.055767  0.220445  3
-0.440420  0.295642  1
0.081724  0.134244  2
-0.481508  0.086146  1
0.737600  -0.622379  1
0.130431  -0.417973  0
0.827202  0.693801  0
-0.644872  0.939017  3
-0.992815  0.077222  3
0.079989  0.783676  2
-0.420201  0.406484  1
0.606698  -0.258349  0
0.513473  -0.991257  3
0.937675  0.355025  2
0.447166  0.166369  1
0.378606  -0.608602  1
-0.613187  0.938186  3
0.687040  0.468538  1
0.072430  -0.794468  3
-0.445317  -0.189970  0
-0.416847  0.685114  0
0.392057  -0.589645  1
0.378915  0.747185  0
-0.650628  0.386100  1
-0.175593  0.429361  1
0.169776  0.404205  1
-0.164155  -0.223527  0
-0.854143  -0.650682  1
-0.214784  -0.916468  2
0.704342  -0.767618  1
0.249901  0.082949  2
-0.376220  0.636714  0
0.021135  -0.689179  3
0.105251  -0.906436  3
-0.483647  0.659935  0
-0.096406  0.099506  3
0.345049  -0.704349  1
0.509860  -0.276036  0
-0.957164  0.859233  3
-0.889936  -0.132757  2
0.288594  0.279839  1
-0.728552  -0.875561  1
-0.943687  -0.582695  2
-0.526243  -0.158471  0
-0.499164  -0.821901  1
0.073911  0.750737  2
0.261048  0.697691  0
0.387451  -0.717818  1
-0.991488  -0.507298  2
-0.624254  -0.475135  0
-0.847363  0.279340  1
0.624370  0.497686  1
0.574991  0.134231  1
-0.778351  0.617827  0
-0.006537  -0.668287  2
-0.514930  -0.717943  1
0.611552  -0.243482  0
-0.593505  0.667865  0
0.173822  -0.119748  3
-0.490606  0.674659  0
0.058351  0.583305  2
0.425396  -0.680601  1
0.280996  -0.187153  0
-0.398419  0.289508  1
0.305549  -0.022673  3
0.814373  0.458186  1
-0.743333  0.438743  1
-0.044129  0.831659  3
-0.427026  0.177521  1
0.449486  0.566437  0
0.509234  0.934556  0
0.848494  0.120786  2
-0.308926  -0.745011  1
-0.211349  0.864897  3
0.135241  0.298045  1
0.539555  -0.806408  1
-0.118650  -0.035049  2
-0.487009  -0.837653  1
0.777798  0.114572  2
0.451855  0.083347  1
-0.908101  0.266228  3
-0.458467  -0.651433  1
-0.295029  0.497404  1
-0.819774  0.277945  1
-0.325075  0.629712  0
-0.155618  -0.815841  2
0.564268  -0.307124  0
0.304945  -0.744658  1
-0.052134  -0.906404  2
-0.879761  -0.916893  2
0.391641  0.659795  0
-0.723301  -0.727008  1
-0.375254  -0.210309  0
-0.564661  -0.597457  1
0.904262  0.887194  2
0.485890  0.996161  2
0.153422  -0.972577  3
-0.655272  0.858393  0
0.524827  -0.475047  0
0.136338  -0.800249  3
-0.845335  0.980721  3
-0.616090  0.718934  0
-0.326403  0.688855  0
0.974276  0.621463  2
0.782451  -0.905485  3
0.704570  0.174092  1
0.754310  0.981269  2
0.447084  -0.620944  1
-0.229040  0.882422  3
-0.218401  -0.324778  0
0.769616  -0.732511  1
-0.328617  -0.076962  2
-0.705088  0.016111  3
-0.218568  0.819738  0
0.541065  0.917770  0
-0.980510  0.695730  3
0.898491  -0.596600  1
0.414664  -0.427912  0
-0.907746  0.388940  1
-0.806450  0.874705  3
0.483455  0.898120  0
0.048797  0.237765  2
0.879389  -0.504120  1
0.616820  -0.349651  0
-0.621698  -0.601581  1
0.325571  -0.852082  1
-0.334092  0.996954  3
0.070957  -0.039180  3
0.013065  0.852388  2
-0.219442  -0.445870  0
0.770158  -0.199952  0
-0.750140  0.668649  0
0.203448  0.664524  0
-0.759263  0.295702  1
0.053464  -0.565713  3
0.170406  -0.463081  0
-0.667593  -0.780797  1
0.774683  -0.788203  1
-0.284917  0.391503  1
-0.137855  0.093385  3
0.789923  -0.812284  1
0.241304  -0.544169  1
-0.815329  -0.687740  1
0.416651  0.197736  1
-0.835351  -0.802791  2
0.751866  0.934807  2
-0.002743  -0.998274  2
0.603456  -0.799295  1
0.666250  0.844193  0
0.496406  -0.280286  0
-0.721520  -0.333188  0
0.256632  -0.389113  0
-0.113985  0.031316  3
-0.177316  0.601098  0
-0.577181  0.684829  0
-0.305517  -0.787258  1
0.872545  0.935787  2
-0.331428  -0.942784  2
-0.751953  -0.914777  2
0.254952  -0.587304  1
-0.717568  0.006818  3
-0.652497  0.279689  1
0.008545  0.950958  2
0.480394  -0.325205  0
0.795151  -0.023200  3
0.394509  -0.926369  1
0.643612  -0.348859  0
-0.315481  -0.470372  0
0.682457  0.507202  0
-0.869274  -0.894724  2
0.192032  -0.174791  3
-0.681983  0.064577  3
-0.239004  -0.013410  2
0.121793  0.009043  2
0.071813  -0.623255  1
0.421739  0.354245  1
0.383563  0.769241  0
-0.366066  -0.607892  1
0.720200  -0.885672  1
0.066903  0.515351  0
0.091127  -0.538588  1
0.588982  -0.265260  0
0.112553  -0.726499  3
0.264367  -0.204990  0
0.780703  0.395093  1
-0.099714  -0.027265  2
-0.779698  0.218303  1
-0.962688  -0.018703  2
-0.795107  0.159105  3
0.990340  0.276706  2
0.535850  0.412079  1
-0.369049  -0.080586  0
0.181320  0.264885  1
0.311522  -0.098480  0
0.379213  -0.621575  1
-0.583129  -0.529660  1
-0.160163  -0.994147  2
0.205080  0.952390  2
-0.720646  -0.530553  1
-0.252600  -0.939943  2
0.864539  0.647686  0
0.032791  -0.915159  3
-0.134010  0.070103  3
0.066138  0.070883  2
-0.770792  0.056479  3
-0.652411  0.765058  0
-0.531442  -0.021460  2
-0.315528  0.649878  0
-0.756575  0.995994  3
-0.448602  0.622638  0
-0.625581  -0.031731  2
-0.907022  0.214256  3
-0.025878  0.298057  3
0.166646  0.253476  1
0.767504  0.914046  2
0.313532  0.632043  0
0.561732  -0.653676  1
0.716884  -0.572278  1
0.416427  -0.216978  0
0.498604  0.645635  0
0.839501  0.846193  2
0.410693  -0.691941  1
-0.175267  -0.904835  2
0.957937  0.068159  2
-0.908841  -0.490665  0
-0.309204  -0.534422  1
0.477604  -0.216226  0
0.679834  -0.548274  1
-0.918168  -0.153521  2
0.705202  0.849336  0
-0.239475  0.018734  3
0.481379  -0.677743  1
0.365057  0.198263  1
-0.250021  -0.218516  0
0.981286  -0.751417  3
-0.572881  0.820786  0
-0.905223  0.837812  3
-0.871155  -0.080490  2
0.932978  -0.913218  3
0.987669  -0.975863  3
-0.403884  -0.321535  0
-0.510285  -0.926280  1
0.462240  -0.830452  1
-0.474554  0.544072  0
0.016028  -0.769353  3
0.393407  0.776553  0
0.249381  -0.125213  3
-0.901190  -0.385561  0
-0.926950  -0.151211  2
0.395923  -0.945664  3
0.097372  0.823042  2
0.875122  0.192149  2
0.660854  -0.996033  3
-0.888341  0.593832  0
-0.909251  -0.900672  2
0.617969  -0.313135  0
-0.222207  -0.892316  2
-0.239415  -0.759967  1
-0.722768  0.286031  1
0.784104  0.293260  1
0.516678  0.177512  1
0.069813  -0.233940  3
-0.947701  0.168623  3
0.380498  -0.874651  1
-0.982588  -0.223579  2
-0.820316  0.114784  3
-0.400537  -0.945193  2
-0.693067  -0.739682  1
-0.941226  -0.581408  2
0.854150  -0.850477  3
-0.482080  0.472119  1
-0.163612  0.295713  1
0.579803  0.596973  0
0.535746  0.857035  0
-0.116996  0.319850  1
0.150295  -0.600318  1
-0.502638  -0.779893  1
0.165742  -0.450339  0
0.388730  -0.453760  0
-0.324991  0.406142  1
0.322661  -0.145306  0
-0.479074  0.922125  0
-0.090500  -0.172141  2
-0.817558  -0.031726  2
0.246451  -0.963408  3
0.117797  0.764371  2
0.508711  0.954184  2
0.060084  0.088513  2
0.551157  -0.404170  0
-0.054452  -0.565839  2
0.915680  -0.904157  3
-0.166156  -0.586958  1
-0.684049  0.999586  3
-0.037298  0.704681  3
-0.454174  0.637712  0
0.110823  0.868488  2
-0.507595  0.631748  0
0.790612  0.401905  1
-0.540393  0.973054  3
-0.629821  0.706058  0
-0.990354  0.487976  3
0.470428  0.518357  0
0.442160  -0.469488  0
-0.393130  -0.006683  2
0.126342  0.552418  0
0.427479  0.042022  2
0.648262  -0.738677  1
0.455064  0.964212  2
-0.739091  -0.582234  1
0.668893  -0.193265  0
-0.944522  -0.220284  2
-0.324777  -0.452117  0
-0.588536  -0.534165  1
0.949788  -0.128929  3
-0.561111  -0.680033  1
-0.422871  -0.551465  1
0.807942  -0.952442  3
0.966891  0.250102  2
-0.421930  -0.426239  0
-0.756580  0.704412  0
-0.873820  0.670899  0
-0.253566  0.774441  0
0.932221  -0.798502  3
0.738654  -0.806870  1
-0.380736  0.407547  1
-0.000135  -0.325258  2
-0.812737  0.675087  0
0.222625  -0.401272  0
-0.859078  0.172412  3
0.469799  -0.420189  0
0.492379  -0.953072  3
0.028346  0.300322  2
-0.905515  -0.004763  2
-0.449576  -0.327445  0
0.568998  -0.206156  0
-0.623033  0.695178  0
-0.535258  0.123402  1
0.469619  -0.603037  1
0.324900  0.208273  1
-0.409907  0.944164  3
-0.384180  0.589958  0
-0.381094  -0.196917  0
0.265045  0.841530  0
0.401811  0.405967  1
0.013943  -0.128390  3
0.985778  -0.493678  3
-0.081462  0.014123  3
0.806644  0.013023  2
-0.990640  -0.642932  2
0.685578  0.578359  0
0.150911  -0.937454  3
0.273537  0.615654  0
0.185948  -0.256844  0
-0.987383  -0.489153  2
0.951430  -0.397289  3
-0.544989  -0.432750  0
-0.807332  0.073917  3
0.370333  0.457713  1
-0.084553  -0.227856  2
-0.136320  0.929390  3
0.643754  -0.150542  0
-0.564288  -0.437708  0
0.863581  -0.757645  1
0.575315  0.872942  0
-0.400577  0.260893  1
0.451301  0.750334  0
0.323439  -0.275162  0
0.365988  -0.490613  0
0.467994  0.378605  1
0.020234  0.419424  2
0.981316  0.475245  2
0.986674  -0.826016  3
-0.450838  0.357007  1
0.631698  0.464608  1
-0.870849  -0.504622  1
0.393998  0.772905  0
0.344836  0.829710  0
-0.664803  0.208417  1
-0.927935  0.910511  3
0.081359  -0.328512  3
0.171404  -0.467341  0
-0.578178  -0.505156  1
0.257497  0.787810  0
0.004231  -0.274509  3
0.166415  -0.975535  3
-0.855085  0.147731  3
0.499709  -0.868412  1
0.321716  -0.951129  3
0.488595  -0.046587  3
0.513479  0.617746  0
0.448791  -0.092522  0
0.390651  -0.206373  0
-0.262813  0.725848  0
-0.997956  -0.190748  2
0.636359  0.083402  1
0.480740  -0.192237  0
0.616062  0.902562  0
0.302607  -0.126442  0
0.690372  -0.693162  1
0.599049  -0.143213  0
-0.668698  0.743964  0
-0.995482  0.831012  3
0.875552  0.326234  1
0.879883  0.364147  1
-0.720353  0.393362  1
-0.018107  0.728438  3
-0.699160  -0.627456  1
-0.477935  0.038027  3
-0.901608  -0.475891  0
0.847279  0.734751  0
0.607512  0.328019  1
-0.457486  0.223573  1
0.230580  0.845121  0
-0.902868  -0.079048  2
-0.848041  0.696181  0
0.777739  -0.516739  1
0.440145  0.782257  0
-0.685727  0.315697  1
0.108491  -0.805845  3
-0.320156  0.388138  1
0.587518  0.661737  0
0.116577  0.888358  2
-0.965718  0.638642  3
-0.073615  -0.867326  2
-0.837249  -0.226336  0
0.867424  0.770263  2
-0.898317  -0.590062  1
-0.006164  0.332263  3
-0.744941  0.090968  3
-0.746785  -0.592982  1
-0.212851  -0.969046  2
-0.109721  -0.772707  2
0.813211  0.204552  1
0.542991  -0.078298  0
0.398707  -0.777165  1
-0.690160  -0.013775  2
0.884572  0.426417  1
-0.125418  0.918854  3
0.065058  0.800967  2
-0.948472  0.227810  3
-0.425369  0.918952  0
-0.001927  -0.323687  2
-0.671110  0.991909  3
-0.991424  -0.416051  2
0.082876  -0.738209  3
-0.009033  0.870025  3
-0.707255  0.881246  0
-0.902682  -0.894045  2
0.085797  0.640309  0
0.027657  -0.515496  3
0.863143  0.337497  1
0.470729  0.747716  0
-0.236087  -0.654689  1
0.666570  0.828972  0
-0.853722  0.718097  0
0.056782  -0.279091  3
0.637049  -0.945146  3
0.397222  0.965938  2
-0.953237  0.405798  3
-0.450113  0.129639  1
0.667589  0.540854  0
-0.000337  0.960334  3
0.422100  0.096982  1
-0.933711  -0.492103  0
-0.262710  0.093946  3
-0.007598  -0.399566  2
-0.568557  -0.536869  1
-0.651851  0.195356  1
-0.191558  -0.985281  2
0.024328  -0.045280  3
0.732816  -0.918890  3
0.675629  0.369865  1
-0.864036  0.072851  3
0.335803  -0.817274  1
-0.521351  0.885691  0
0.312365  -0.853762  1
0.426545  -0.687971  1
-0.893428  -0.151355  2
0.409010  -0.827139  1
0.356543  -0.853700  1
0.266807  -0.651055  1
-0.253266  0.698250  0
-0.187924  0.094883  3
-0.106393  0.620518  0
0.109602  0.917935  2
-0.424762  -0.157581  0
0.999045  -0.749133  3
-0.787717  -0.864991  2
0.323718  0.548087  0
-0.682265  0.802367  0
0.433778  0.630100  0
0.948605  -0.139677  3
0.942129  -0.944824  3
0.708968  0.351139  1
-0.771963  0.065511  3
0.497439  0.494844  1
0.414456  -0.755827  1
0.193094  -0.773469  1
0.339057  -0.913299  1
0.847049  -0.551341  1
-0.995364  -0.577712  2
0.291078  -0.996319  3
-0.326845  0.503361  0
-0.861310  0.996873  3
0.051448  -0.543574  3
0.799240  -0.514774  1
-0.913474  0.747845  3
0.345549  -0.971345  3
0.803021  0.054517  2
0.379794  -0.968942  3
-0.879972  -0.122766  2
0.525902  0.534483  0
0.121407  -0.281003  0
0.761014  -0.539536  1
-0.194302  0.608064  0
-0.090877  -0.189666  2
-0.969649  -0.799799  2
-0.185984  -0.296493  0
0.703562  -0.047294  3
-0.299620  -0.244990  0
0.409132  -0.500380  1
0.240236  0.495658  1
-0.752535  -0.414215  0
0.524313  -0.949514  3
0.640302  -0.095892  0
-0.918455  0.760329  3
0.781342  0.607447  0
0.294812  -0.097251  3
-0.673557  0.055827  3
0.363213  0.132141  1
-0.336110  -0.727664  1
0.942475  -0.305758  3
-0.527462  -0.243510  0
0.397748  -0.823900  1
0.709196  -0.901872  3
-0.068890  0.118328  3
-0.402251  -0.828653  1
-0.386014  -0.154786  0
-0.242869  -0.861701  1
-0.104300  -0.602567  1
0.042407  -0.022755  3
-0.842238  -0.176252  2
-0.415309  0.452575  1
0.726497  -0.088865  3
-0.491599  0.089710  1
-0.956724  0.172291  3
0.362047  0.985751  2
0.866533  0.834584  2
-0.257759  0.264281  1
-0.989316  -0.548563  2
0.362409  -0.058206  3
0.569765  0.960158  2
0.113141  -0.816249  3
-0.194628  0.870272  3
-0.677950  0.701072  0
-0.732295  0.364457  1
-0.321683  -0.574532  1
-0.811795  0.263009  1
0.878042  0.914702  2
-0.825857  -0.613556  1
0.004412  -0.782581  3
0.558735  -0.633541  1
-0.796831  0.425268  1
-0.798957  -0.054590  2
-0.310451  -0.788273  1
0.396848  -0.948041  3
0.153522  -0.033387  3
-0.987883  -0.733338  2
0.150364  -0.182511  3
-0.863065  0.472413  1
-0.481439  -0.595360  1
-0.163130  0.196879  3
-0.169892  0.025075  3
-0.540113  -0.291850  0
-0.060223  -0.365969  2
0.094594  0.944189  2
-0.148550  -0.346671  0
-0.689352  0.054619  3
-0.921403  -0.488308  0
-0.999971  -0.231854  2
-0.276581  0.396877  1
-0.179895  0.876940  3
-0.636510  -0.167778  0
-0.856397  0.513853  0
0.649711  -0.719463  1
-0.013733  -0.831728  2
-0.314823  0.823137  0
0.365151  0.515285  0
-0.151788  0.825038  3
-0.776565  0.787988  0
-0.540931  0.318029  1
0.732178  0.310518  1
0.971358  -0.957174  3
-0.634863  -0.950045  2
-0.445483  -0.634833  1
-0.181900  0.277936  1
0.762044  0.638205  0
0.154877  -0.874466  3
-0.529573  0.298479  1
0.639387  -0.879863  1
0.579017  -0.374346  0
-0.711591  -0.735806  1
-0.551209  0.653559  0
0.779479  0.297002  1
0.478597  -0.997085  3
0.084991  0.937666  2
0.320944  -0.182832  0
0.248184  0.292302  1
-0.140006  0.613322  0
0.342256  0.414512  1
0.978489  -0.839643  3
-0.307552  0.740532  0
0.798562  0.847324  2
0.866066  -0.731012  1
0.145804  0.505453  0
-0.610875  -0.275179  0
-0.868893  -0.322466  0
-0.010985  -0.420103  2
-0.668906  -0.231506  0
0.876899  0.809691  2
-0.228591  -0.038110  2
0.747357  -0.907647  3
0.779058  -0.004458  3
0.384655  -0.360948  0
-0.391137  -0.273089  0
-0.946437  -0.412648  2
-0.112732  -0.253989  2
-0.672116  -0.314171  0
-0.406664  -0.806050  1
-0.045182  0.739140  3
0.699403  0.343943  1
-0.536040  0.830510  0
-0.978523  0.452975  3
-0.589593  -0.647429  1
-0.778531  -0.712694  1
-0.837738  -0.007122  2
0.249196  0.909619  2
0.085231  0.028254  2
-0.094839  -0.530115  1
0.667306  0.514024  0
0.196796  0.720869  0
-0.898624  -0.915936  2
-0.533120  -0.570739  1
-0.230107  0.060216  3
-0.376789  0.724711  0
-0.200644  -0.677386  1
0.068654  0.263316  2
-0.846876  0.090131  3
-0.283709  -0.436469  0
0.442702  -0.062240  0
-0.149162  0.604964  0
0.930637  -0.899967  3
0.514583  0.015868  2
0.128287  -0.580256  1
0.485754  -0.204407  0
0.933769  -0.317450  3
-0.483538  -0.964855  2
-0.233386  -0.016658  2
-0.535594  0.536507  0
-0.956442  0.087617  3
0.261218  -0.157086  0
0.410231  -0.670128  1
-0.893770  0.563356  0
0.420003  -0.177480  0
-0.873113  -0.137295  2
0.760280  -0.022275  3
-0.532331  0.690917  0
0.077758  0.982252  2
-0.293215  -0.793955  1
-0.598003  -0.807461  1
0.001638  -0.664235  3
-0.124911  0.518100  0
-0.629089  0.641703  0
-0.498557  -0.164684  0
0.178209  -0.454999  0
0.922933  -0.560573  1
0.387915  0.333165  1
-0.230701  0.494145  1
-0.103479  -0.810699  2
-0.683335  0.023408  3
0.052006  -0.923055  3
-0.998868  0.519675  3
0.767862  0.078890  2
0.501928  -0.525353  1
0.284935  0.903925  2
-0.332814  -0.713426  1
-0.760310  0.542275  0
0.804674  -0.389399  0
0.183977  -0.693884  1
0.445917  -0.637813  1
-0.148883  0.368850  1
-0.198386  -0.760968  1
-0.297985  0.570913  0
0.733177  0.598536  0
0.760214  -0.950158  3
-0.378056  -0.187779  0
-0.873213  -0.376924  0
-0.668104  0.894649  0
0.701966  0.833824  0
-0.630704  -0.013099  2
0.737748  0.036482  2
0.273475  0.977438  2
-0.421243  0.078148  1
-0.411961  0.762735  0
0.384265  -0.966044  3
-0.875079  -0.764618  2
0.402806  -0.073465  0
-0.525586  -0.895178  1
-0.502552  -0.792408  1
0.703357  -0.742338  1
-0.742566  -0.674699  1
0.069883  -0.615779  1
-0.051623  0.401779  3
-0.721130  -0.349657  0
0.235602  -0.351834  0
0.637244  -0.026650  3
0.684648  -0.089281  3
-0.049211  -0.736595  2
0.988867  0.538828  2
-0.973861  0.373132  3
0.572783  -0.848939  1
0.608514  -0.024410  3
0.077596  -0.917072  3
0.080411  0.575044  0
-0.709480  -0.216231  0
0.832707  -0.452047  0
0.109070  -0.097410  3
-0.067826  -0.942554  2
-0.695632  0.211043  1
-0.292211  0.539971  0
0.859209  -0.654967  1
-0.486679  0.543857  0
0.255751  0.464110  1
0.807262  0.244618  1
0.002937  0.833401  2
-0.382250  -0.424279  0
0.984462  -0.773737  3
0.551310  0.062058  1
-0.690809  -0.368279  0
-0.362897  -0.400289  0
0.415490  -0.530191  1
0.147664  -0.475441  0
0.372399  -0.920162  1
-0.417994  0.676767  0
0.290881  0.289795  1
0.216738  0.150090  2
0.634828  0.730059  0
-0.306053  -0.109421  0
0.194169  -0.498791  0
-0.864803  -0.802894  2
-0.665390  -0.247053  0
-0.227173  -0.680928  1
-0.020790  -0.675863  2
0.381130  0.288401  1
-0.044141  -0.981767  2
0.888112  -0.628652  1
-0.511958  0.035776  3
-0.104092  0.860441  3
0.115614  0.477914  1
0.537209  -0.593505  1
-0.232291  -0.246053  0
0.556586  -0.597464  1
-0.515994  -0.749467  1
0.293115  0.678175  0
-0.248259  0.428312  1
0.875282  0.086351  2
-0.818741  -0.351891  0
0.405423  0.160469  1
-0.027754  -0.213446  2
-0.551130  0.928105  0
-0.195213  -0.663019  1
-0.700547  0.292829  1
0.372757  0.195361  1
0.153270  -0.511629  1
-0.326725  -0.309521  0
-0.105134  0.440984  1
0.444426  -0.548548  1
0.843520  0.928432  2
-0.298016  0.136635  1
0.606608  0.453726  1
-0.435053  0.481889  1
-0.459923  -0.253794  0
-0.870002  0.945500  3
0.906674  0.102244  2
-0.267946  -0.644456  1
0.030349  0.536841  2
-0.307475  0.329802  1
-0.170330  -0.934717  2
-0.474837  0.982940  3
-0.446346  0.198437  1
-0.326580  0.448520  1
-0.360579  -0.882154  1
0.899972  -0.517059  1
-0.953722  -0.398044  2
0.619576  0.652886  0
-0.944318  -0.815477  2
0.134775  -0.404241  0
-0.069271  0.264773  3
-0.458740  -0.162597  0
-0.632983  0.273314  1
0.192947  0.397366  1
-0.189845  0.885472  3
-0.272833  0.639825  0
0.950755  0.252330  2
0.622765  -0.495591  0
-0.549233  -0.703815  1
0.952929  0.090188  2
-0.585969  0.852901  0
0.573129  -0.539691  1
-0.545143  0.192705  1
-0.886805  -0.489461  0
0.377228  0.247970  1
0.106298  -0.692044  1
-0.487257  0.647558  0
0.145359  -0.120240  3
-0.079128  -0.661694  2
-0.722874  0.731027  0
-0.776221  0.004293  3
0.370852  -0.825466  1
-0.743377  -0.006382  2
-0.321057  -0.292610  0
0.289803  -0.368128  0
0.797578  0.703834  0
-0.515228  0.370707  1
-0.835857  -0.060371  2
-0.436589  -0.722662  1
0.450168  0.940639  0
0.525308  -0.443533  0
-0.751405  -0.961948  2
-0.795975  0.393955  1
-0.082188  0.124897  3
0.732261  0.194937  1
-0.144076  0.956040  3
-0.800770  -0.773224  1
-0.869426  -0.544147  1
0.220394  -0.190483  0
0.163243  -0.489803  0
0.441388  -0.039179  3
-0.785969  0.926161  3
-0.668472  -0.621826  1
-0.134210  -0.105061  2
-0.344488  -0.684042  1
-0.164422  -0.819179  2
-0.127575  0.084174  3
-0.781128  0.076450  3
-0.521871  0.136684  1
-0.798653  -0.789610  1
-0.668379  0.057271  3
-0.833569  -0.469148  0
0.284047  -0.702995  1
-0.013295  -0.495559  2
0.106522  -0.850052  3
0.014637  -0.452090  3
0.110769  0.228668  2
-0.525929  0.442297  1
0.606842  0.339861  1
-0.662764  -0.737646  1
0.655819  0.172814  1
-0.556826  -0.471756  0
-0.743012  -0.337954  0
0.604694  -0.264883  0
0.798730  0.806040  0
-0.054492  -0.869649  2
-0.136689  0.111938  3
-0.338797  -0.852642  1
0.408943  0.647908  0
-0.348201  -0.484535  0
0.797855  0.666436  0
0.063375  -0.091376  3
-0.104896  0.537446  0
-0.649079  -0.498055  0
-0.122693  -0.311843  0
-0.235701  -0.466874  0
0.860972  0.207473  2
0.061370  -0.882040  3
0.869519  -0.333936  0
-0.146922  0.668249  0
-0.527896  0.798585  0
0.798601  0.335415  1
-0.089477  -0.540197  1
0.482773  -0.680534  1
-0.892289  -0.865429  2
-0.165069  0.905567  3
0.801007  0.898306  2
-0.185809  -0.303889  0
0.435751  0.165112  1
0.198057  -0.686942  1
0.853270  0.962356  2
-0.153816  0.714242  0
0.169829  0.907554  2
0.832202  0.039348  2
-0.426382  -0.314721  0
-0.292402  0.045721  3
-0.516135  -0.493802  0
-0.618864  0.394388  1
-0.033998  0.863908  3
0.713854  0.073713  2
0.998480  -0.451215  3
-0.020721  0.799487  3
-0.552909  0.793471  0
-0.504402  0.882842  0
-0.041417  0.693655  3
-0.804100  -0.188148  0
0.656011  0.042084  2
-0.473906  -0.174160  0
-0.050362  -0.641704  2
0.865188  0.523255  0
0.043575  -0.427214  3
-0.431023  0.527440  0
0.078984  -0.049887  3
-0.078172  -0.955014  2
-0.185979  -0.364318  0
0.118699  -0.187499  3
0.184467  -0.902022  3
-0.388012  0.631557  0
0.891449  0.107586  2
0.514399  -0.149968  0
-0.198759  0.710299  0
0.661884  -0.542749  1
-0.247617  -0.812022  1
0.283091  0.702021  0
-0.453726  0.148279  1
0.225277  0.589849  0
0.721065  0.794253  0
0.117288  -0.199951  3
-0.255634  -0.960884  2
-0.154965  0.558387  0
-0.325202  0.963734  3
-0.629112  0.859265  0
-0.938288  -0.017125  2
0.490822  0.953161  2
-0.909539  0.005221  3
-0.196807  -0.108298  2
-0.284479  -0.534923  1
0.348953  0.467904  1
-0.346946  -0.367956  0
0.169925  0.199328  1
0.780323  -0.604799  1
-0.210823  0.501388  0
-0.810545  0.906465  3
-0.698563  -0.066179  2
0.945581  0.146472  2
-0.507792  -0.379620  0
0.110206  -0.136905  3
-0.520355  0.171918  1
0.845970  0.970467  2
0.125079  0.936431  2
-0.024312  0.928272  3
-0.171867  0.691209  0
-0.606652  -0.822914  1
0.159113  0.046403  2
-0.190870  -0.670963  1
-0.754270  -0.410548  0
-0.275761  0.034907  3
-0.909160  -0.086306  2
-0.058628  -0.607723  2
0.847514  -0.113046  3
0.538749  -0.660278  1
0.507333  -0.351045  0
0.202817  0.986978  2
0.820873  0.048787  2
0.957445  -0.054048  3
-0.014782  -0.066867  2
-0.125776  0.813351  3
-0.375658  0.267572  1
0.990437  0.783455  2
-0.686026  -0.200434  0
-0.887508  -0.440295  0
0.389019  -0.163269  0
0.594612  0.479859  1
0.750425  -0.464016  0
0.872135  0.597939  0
0.422938  0.410884  1
0.937660  -0.069729  3
-0.940162  0.140477  3
-0.082751  0.880711  3
-0.810736  -0.125306  2
-0.173337  0.174482  3
0.807827  0.700886  0
-0.012167  -0.567831  2
-0.031542  -0.021730  2
-0.784376  0.282433  1
0.777836  -0.671884  1
0.842138  0.166854  2
0.164847  0.436750  1
-0.353287  -0.084728  0
0.972734  -0.481152  3
-0.486789  0.395671  1
0.929732  -0.549129  1
-0.674057  0.989570  3
0.591348  0.243192  1
0.870281  0.780612  2
-0.882115  -0.303056  0
-0.044905  0.925712  3
-0.602169  0.942928  3
-0.642118  0.366289  1
-0.078803  -0.426494  0
-0.351278  -0.300967  0
-0.098378  -0.509141  1
0.865888  -0.933531  3
0.927609  -0.487400  0
-0.018259  0.900343  3
0.031448  0.494952  2
0.296014  -0.038820  3
0.945823  0.621957  2
-0.049249  0.537172  3
-0.134852  -0.178968  2
0.317784  -0.016966  3
0.517976  -0.727121  1
-0.091254  0.915807  3
-0.784194  0.266628  1
0.282096  0.137004  1
0.840133  0.930818  2
0.836037  -0.258245  0
-0.578323  0.701924  0
-0.191775  -0.650714  1
-0.785475  0.789966  0
-0.750371  0.245973  1
0.284918  0.545643  0
-0.792847  0.230742  1
0.167599  0.157904  2
-0.232087  -0.967252  2
0.978936  -0.914303  3
0.015782  0.496912  2
-0.641424  0.924528  3
0.412719  -0.425618  0
0.191155  -0.305185  0
0.711386  0.031289  2
-0.374367  0.547423  0
0.773044  0.047310  2
0.249347  -0.418732  0
0.396596  0.463872  1
-0.628766  0.646225  0
-0.290155  0.656152  0
0.191867  -0.083002  3
-0.113106  -0.640533  1
-0.925098  0.654807  3
-0.607785  -0.946161  2
0.740505  0.407996  1
0.550751  -0.900919  1
0.332524  -0.036529  3
-0.326537  -0.476321  0
0.658286  -0.615151  1
0.554968  -0.716081  1
0.932271  0.328011  2
0.331229  0.181618  1
0.909280  -0.272175  3
-0.354510  -0.719486  1
-0.625950  0.355335  1
0.936667  0.565917  0
-0.727667  -0.176439  0
0.925384  -0.652765  3
-0.521632  -0.682401  1
-0.598926  -0.781128  1
0.725595  0.951825  2
-0.682047  0.058119  3
-0.084704  -0.008584  2
0.581798  -0.426418  0
0.376264  0.136766  1
-0.142499  0.308536  1
-0.535223  -0.811270  1
-0.509846  -0.625943  1
-0.083444  0.135644  3
-0.345429  0.290606  1
-0.509021  -0.408762  0
-0.143477  -0.236688  0
0.414799  -0.218092  0
0.110548  0.893166  2
0.099507  0.511622  0
-0.887962  -0.174898  2
0.463447  -0.570009  1
0.883222  -0.621257  1
0.421407  0.465020  1
-0.047675  -0.202329  2
-0.398214  0.809826  0
-0.893793  0.066563  3
0.998556  -0.403639  3
0.440620  -0.084888  0
0.732005  -0.904808  3
-0.794282  -0.777016  1
-0.313570  0.062241  3
-0.013704  -0.898772  2
0.844149  -0.903156  3
0.994395  -0.056344  3
0.608466  -0.893567  1
0.768759  0.071913  2
-0.463576  0.651980  0
0.450656  0.957830  2
0.117000  -0.597019  1
-0.244499  0.718786  0
-0.787193  -0.138292  2
-0.214651  -0.788637  1
0.458069  -0.774031  1
0.126475  0.190074  2
-0.678839  0.332193  1
0.413059  0.007591  2
-0.605566  -0.600645  1
0.108819  -0.761417  3
-0.503801  0.103213  1
0.182239  -0.895335  3
0.209646  -0.049002  3
0.176578  0.746070  0
-0.397022  -0.372766  0
0.703901  0.719978  0
0.030215  -0.540598  3
0.438763  0.243021  1
0.321110  -0.775888  1
0.454384  -0.220821  0
-0.549918  -0.419141  0
0.969253  -0.228758  3
0.913051  0.382311  1
0.778833  -0.692515  1
0.781667  -0.112348  3
-0.453932  -0.722134  1
0.990865  0.728307  2
-0.617469  0.200512  1
-0.320695  0.559108  0
-0.053418  0.282282  3
-0.813658  -0.349517  0
0.002260  0.216557  2
0.109885  -0.558976  1
-0.540422  -0.569005  1
-0.334864  0.913962  0
0.210174  0.115218  2
-0.505179  0.179427  1
0.886460  -0.592127  1
-0.438262  0.665293  0
-0.284642  -0.656595  1
-0.447055  0.261426  1
-0.378730  -0.456189  0
-0.010267  0.003801  3
0.744322  0.669038  0
-0.437091  -0.309096  0
-0.048680  -0.250748  2
0.341387  0.953580  2
0.965809  -0.548728  3
-0.605396  -0.574613  1
-0.117733  0.059740  3
-0.660650  -0.907559  1
-0.825042  -0.165829  2
0.271867  -0.938582  3
0.242044  0.833605  0
0.726711  0.957402  2
-0.822990  -0.720344  1
0.218827  -0.201720  0
-0.176534  -0.791440  1
0.802081  -0.432211  0
0.877598  -0.635010  1
0.258693  -0.171082  0
0.114242  -0.399920  0
-0.217502  0.080051  3
0.051353  0.177102  2
0.505438  0.933619  0
-0.763158  0.844787  0
-0.973940  -0.588200  2
-0.321042  0.297927  1
-0.526783  0.921002  0
0.131533  -0.800072  3
0.878404  0.308543  1
-0.520416  0.097231  1
-0.893177  0.303051  1
0.305791  0.908904  2
0.870839  0.183389  2
-0.726106  0.129533  1
-0.987693  0.388136  3
0.729613  -0.205195  0
-0.531813  -0.219034  0
0.971907  0.973625  2
-0.285415  -0.791251  1
0.818412  -0.259355  0
-0.379451  -0.502629  1
-0.961428  0.093767  3
-0.581627  0.170105  1
0.293695  -0.703224  1
-0.521353  0.773279  0
0.394007  -0.414530  0
0.076330  -0.300201  3
-0.505626  -0.052831  0
0.883188  -0.231732  3
-0.923299  0.895495  3
-0.843596  0.806314  3
-0.309700  -0.375409  0
-0.412720  -0.337793  0
-0.401785  0.301865  1
-0.129043  -0.583372  1
-0.957490  0.491506  3
-0.086002  -0.918918  2
-0.414728  0.332371  1
0.251186  0.878967  2
0.629147  0.729834  0
0.652246  0.023155  2
-0.684696  -0.271424  0
0.722954  -0.190323  0
0.675745  0.606141  0
0.577945  0.752446  0
0.501636  0.734349  0
0.558761  -0.808064  1
-0.641060  -0.853959  1
-0.145857  -0.042844  2
0.447906  0.725100  0
0.373783  0.490416  1
0.216605  -0.712219  1
0.571498  0.801878  0
0.620152  -0.177316  0
0.680845  0.249300  1
-0.447482  0.333091  1
-0.727546  -0.132179  0
-0.938333  0.995408  3
0.677498  0.737412  0
0.601549  0.255444  1
0.489858  0.103185  1
-0.010207  0.048619  3
0.295121  0.348733  1
0.194660  -0.850735  3
-0.694111  -0.357434  0
0.874364  0.679672  0
-0.867019  0.090970  3
0.967453  0.704479  2
-0.107152  0.587605  0
-0.472837  -0.426307  0
-0.163095  0.079681  3
0.906784  0.109359  2
0.947502  0.968451  2
0.104767  0.625000  0
0.705863  -0.293684  0
-0.119556  0.195721  3
0.809501  0.870237  2
-0.755660  0.104622  3
0.218970  0.439000  1
0.253887  0.524859  0
-0.918434  0.128251  3
0.204530  -0.785453  1
-0.780779  0.171983  1
0.919026  0.112068  2
-0.240412  -0.553811  1
0.685761  0.596493  0
0.525870  0.592545  0
-0.294149  0.473372  1
0.560996  0.810618  0
0.098373  0.266859  2
-0.483066  0.978817  3
-0.537420  -0.673565  1
0.849054  -0.293080  0
0.431057  0.068024  1
-0.854080  -0.315056  0
-0.407117  -0.772514  1
0.813195  0.797413  0
-0.557967  -0.967584  2
-0.030604  -0.638941  2
0.144485  0.728984  0
-0.192752  -0.169754  2
0.325477  -0.666881  1
-0.577210  -0.968671  2
0.806491  0.983786  2
0.841947  -0.095136  3
0.250645  -0.641119  1
-0.116319  0.713225  0
-0.314684  -0.267265  0
-0.579855  -0.883627  1
0.800759  -0.433935  0
-0.198683  -0.606358  1
-0.206450  -0.385488  0
-0.808945  0.235583  1
-0.353072  0.160452  1
0.596642  0.791413  0
-0.110564  -0.596109  1
-0.378341  -0.785087  1
-0.262991  0.044449  3
-0.753758  -0.456500  0
0.028235  -0.911811  3
0.448364  -0.721120  1
-0.552931  -0.667955  1
0.992104  0.132385  2
0.064780  -0.587751  1
0.248758  -0.134460  0
-0.021686  -0.949925  2
0.259182  0.771864  0
-0.335413  0.450237  1
0.007447  0.311515  2
-0.389311  -0.395911  0
0.102928  0.500125  0
0.007980  0.724587  2
0.715039  0.744989  0
-0.230964  0.961280  3
-0.711511  0.797271  0
-0.950531  0.736853  3
-0.923849  -0.503462  1
-0.931102  -0.931745  2
0.628923  0.133679  1
-0.519496  -0.122320  0
0.999218  0.458817  2
-0.072245  0.258400  3
0.230681  0.592342  0
-0.291363  -0.761872  1
-0.096143  0.319327  1
-0.157783  -0.993215  2
-0.180548  0.850197  3
0.731372  -0.465510  0
0.595186  -0.499592  0
-0.504229  0.883675  0
-0.702322  -0.454761  0
0.620528  -0.626171  1
0.041777  0.689426  2
-0.557916  -0.329300  0
-0.176895  -0.077412  2
0.548380  -0.177677  0
-0.618595  -0.523865  1
-0.919277  0.612086  0
-0.931524  -0.210639  2
0.850214  -0.027667  3
-0.891313  -0.307569  0
-0.020882  -0.071861  2
-0.457372  -0.289510  0
0.462630  -0.862186  1
0.210898  0.958400  2
-0.978512  0.508576  3
-0.496360  0.642016  0
0.882405  0.545417  0
0.331442  -0.675511  1
-0.783883  -0.845453  1
0.247077  0.764497  0
-0.023130  0.628482  3
-0.759368  0.057594  3
0.240568  -0.690892  1
0.846954  0.090783  2
0.281442  0.955642  2
0.783214  -0.739440  1
-0.116219  -0.674158  1
-0.028950  -0.653589  2
-0.536345  -0.818052  1
-0.695189  -0.514857  1
0.690525  -0.191550  0
-0.872841  0.572930  0
-0.646133  0.458602  1
0.897419  -0.430016  0
0.613149  0.144496  1
-0.665519  -0.409981  0
-0.227021  -0.424887  0
0.647613  -0.986453  3
-0.115778  0.494567  1
0.104329  -0.834336  3
0.450209  -0.112457  0
-0.573776  -0.666010  1
0.213385  0.397274  1
-0.319600  0.677040  0
0.579222  -0.014789  3
-0.837816  0.269747  1
0.793661  -0.710657  1
-0.157323  -0.852471  2
0.747945  -0.259903  0
-0.282487  0.361094  1
0.884593  0.051994  2
0.951113  -0.342428  3
0.627108  0.598726  0
-0.328881  -0.488670  0
0.093293  0.775448  2
-0.323006  -0.456498  0
-0.337009  0.103217  1
-0.122508  0.876376  3
-0.499509  0.557892  0
0.553416  -0.920286  1
-0.456897  0.715600  0
0.349461  -0.663235  1
-0.995057  -0.807862  2
-0.515707  0.752887  0
-0.067766  0.201806  3
0.113981  -0.183172  3
-0.746199  0.065094  3
0.474399  0.880909  0
-0.336181  -0.854482  1
-0.607761  0.757112  0
0.920966  0.069232  2
-0.699386  -0.416043  0
-0.827551  0.178105  3
-0.539667  -0.327059  0
-0.264003  -0.986251  2
-0.247346  0.279100  1
0.729349  -0.897885  3
0.615865  0.734292  0
-0.705747  -0.899842  2
0.487180  0.226487  1
0.301964  -0.398839  0
-0.956685  0.555765  3
0.666254  0.517714  0
0.436674  -0.669927  1
0.663232  0.828912  0
-0.912815  0.584197  0
-0.101855  -0.612201  1
-0.831846  0.070594  3
0.565904  -0.371513  0
0.743535  -0.698098  1
-0.357763  -0.503811  1
0.581002  -0.628414  1
-0.401696  0.196867  1
-0.894122  -0.107443  2
0.297025  0.593058  0
-0.880956  -0.401010  0
-0.805782  -0.837641  2
-0.845245  0.860472  3
0.680073  0.591429  0
-0.809454  0.343305  1
0.420341  -0.722269  1
-0.072498  -0.681514  2
-0.334470  0.095657  1
0.389080  -0.768565  1
0.724144  0.132615  1
-0.466664  -0.633619  1
0.628804  -0.885661  1
-0.262033  -0.772892  1
0.311206  -0.156155  0
0.119666  -0.391769  0
-0.563098  0.238710  1
0.207221  -0.368880  0
0.401069  0.361976  1
-0.508408  0.081142  1
-0.046595  -0.317862  2
-0.575553  -0.626254  1
-0.040131  0.351949  3
-0.307768  0.625400  0
-0.552395  -0.918687  1
0.856835  -0.828251  3
0.213928  -0.609829  1
-0.461870  -0.157268  0
-0.495491  0.276096  1
0.069841  0.815715  2
-0.880059  -0.810494  2
-0.576054  -0.443157  0
0.428216  0.631167  0
0.187963  -0.170716  3
-0.006857  0.679555  3
0.910426  0.946548  2
-0.638307  -0.665127  1
-0.679706  0.321563  1
0.686822  0.012526  2
-0.053037  -0.865573  2
0.093838  -0.196203  3
-0.693824  -0.692234  1
0.193968  -0.155694  3
0.150498  0.698477  0
-0.879598  -0.779661  2
0.514193  -0.759657  1
-0.590155  0.938139  3
-0.202814  0.838061  3
0.569306  0.985149  2
-0.332655  -0.437551  0
0.664704  -0.422229  0
-0.491004  -0.973602  2
-0.087356  -0.170710  2
0.347961  -0.400534  0
0.841816  -0.705077  1
-0.266107  -0.064346  2
0.098720  0.040069  2
0.243420  -0.707312  1
0.884375  -0.606081  1
0.991166  -0.995222  3
-0.385743  0.505358  0
-0.754879  0.024102  3
0.443497  0.042307  2
-0.137837  0.012803  3
0.027456  0.529508  2
0.575251  -0.307840  0
-0.892720  -0.915753  2
-0.281442  0.019924  3
-0.086463  -0.933481  2
0.619390  -0.244647  0
-0.638558  -0.646717  1
0.691007  0.460162  1
0.393352  -0.065573  3
0.752850  0.277727  1
0.328346  0.744015  0
0.282505  0.942603  2
0.249373  0.527626  0
-0.033294  -0.307130  2
-0.430067  0.828869  0
0.705673  0.597389  0
0.358377  0.280924  1
-0.710451  0.465657  1
0.365172  0.008107  2
-0.514419  -0.721291  1
0.074625  -0.895029  3
0.034062  0.436067  2
-0.541746  -0.274931  0
-0.103771  0.851607  3
0.659496  -0.350921  0
0.129334  -0.012158  3
-0.606906  -0.588161  1
-0.069555  0.642467  3
0.939465  0.897151  2
-0.664662  -0.490602  0
0.726019  -0.958990  3
-0.893214  0.084396  3
0.321935  -0.603665  1
-0.449947  -0.312894  0
0.404442  0.035634  2
-0.034185  -0.520932  2
0.140605  0.999877  2
0.915135  0.598860  0
-0.275054  -0.188636  0
0.450466  -0.615558  1
0.460443  -0.420200  0
0.372283  0.853537  0
-0.008361  -0.697272  2
0.496004  -0.068896  0
-0.800121  0.831342  0
0.440502  0.925898  0
0.872352  0.547288  0
0.010294  0.194287  2
0.943623  0.560347  2
0.881393  0.348065  1
-0.404019  -0.152792  0
0.827133  0.736587  0
-0.152915  0.742268  0
0.335446  0.572031  0
-0.446369  -0.214087  0
0.956472  -0.985926  3
0.365713  0.328755  1
0.867610  -0.642647  1
0.631484  0.363615  1
0.288457  0.831362  0
0.194956  -0.271041  0
0.757260  0.067309  2
-0.723753  -0.232446  0
-0.738404  -0.780130  1
-0.672099  -0.857011  1
0.567935  -0.076117  0
-0.009803  0.395068  3
-0.339531  0.837282  0
0.137336  0.995916  2
0.409312  0.690967  0
-0.218171  0.365784  1
0.705041  -0.852458  1
-0.305460  0.572652  0
-0.495105  -0.673977  1
-0.063734  0.793352  3
-0.842614  -0.868777  2
-0.477689  0.914646  0
0.198531  -0.201442  0
-0.317800  0.460127  1
0.018428  0.010101  2
0.603116  -0.413637  0
0.933984  -0.406688  0
0.981432  -0.405547  3
-0.569406  0.118767  1
-0.409631  0.839906  0
-0.190265  0.372197  1
0.205691  -0.485224  0
0.519739  0.900230  0
-0.912573  -0.975366  2
-0.773746  0.023693  3
0.817986  -0.616361  1
0.154916  -0.659703  1
-0.701715  -0.646553  1
0.138855  -0.019515  3
0.813574  -0.842717  3
0.990586  0.416690  2
-0.256354  0.924569  3
-0.989998  -0.274922  2
-0.480978  -0.559404  1
0.843845  0.109391  2
-0.719498  -0.346420  0
-0.518412  0.486193  1
0.168356  -0.998673  3
0.386423  0.255783  1
-0.974039  0.612677  3
-0.720524  0.843947  0
0.996316  0.434392  2
-0.815756  -0.705399  1
0.787839  0.323098  1
0.275086  0.601413  0
0.480381  0.265671  1
0.018102  -0.775973  3
0.190241  0.028104  2
-0.050895  0.709263  3
0.468700  -0.207050  0
-0.181346  0.749203  0
0.446530  0.300242  1
0.235396  -0.385114  0
0.301570  -0.378181  0
0.870669  0.327531  1
-0.765504  -0.849855  1
0.171478  -0.769188  1
0.584537  0.355722  1
-0.474587  0.372376  1
-0.321180  0.800499  0
-0.026212  -0.840799  2
0.066170  0.991891  2
-0.616771  -0.743589  1
0.019995  0.332334  2
0.965674  -0.511305  3
-0.874716  -0.215672  2
-0.762102  0.571814  0
-0.915429  0.473294  1
-0.813300  0.386140  1
-0.904887  -0.942631  2
-0.286329  -0.670391  1
-0.792486  0.885150  3
-0.439579  0.792051  0
0.240872  0.085835  2
0.164426  0.919692  2
-0.113667  -0.861785  2
-0.921107  0.952504  3
-0.869894  -0.537878  1
-0.791085  0.150101  3
0.794456  -0.825411  1
0.638796  0.919740  0
-0.041082  0.876694  3
0.491554  0.043489  2
0.349988  0.678254  0
-0.570371  0.445101  1
0.735624  0.143300  1
0.774710  0.943138  2
0.028450  -0.664869  3
0.735189  -0.730679  1
0.420966  -0.100385  0
-0.810987  -0.692701  1
0.037830  -0.732093  3
-0.740197  0.167936  1
-0.269971  -0.531282  1
-0.681964  -0.475516  0
-0.356693  0.956833  3
-0.555776  0.602225  0
0.833527  0.935778  2
-0.354286  0.183515  1
0.614032  0.075342  1
-0.371384  0.349656  1
-0.781357  -0.596674  1
0.292794  0.247093  1
-0.261543  0.027983  3
0.516414  -0.840577  1
0.927598  0.705428  2
-0.533278  -0.034572  2
0.973334  -0.273475  3
-0.866636  -0.296637  0
0.195243  -0.548600  1
0.227847  0.838550  0
-0.591767  0.672071  0
0.440775  -0.758240  1
0.607848  -0.913511  1
0.425275  0.221880  1
0.161831  -0.946110  3
-0.428464  0.380474  1
-0.542784  0.864330  0
-0.372433  0.195673  1
-0.107687  -0.856019  2
0.355095  -0.180089  0
0.849408  0.821817  2
0.785339  0.822743  0
-0.451658  0.918703  0
-0.473895  0.743584  0
-0.629896  0.753952  0
0.582135  -0.221663  0
0.426023  0.022910  2
0.020096  0.033871  2
0.109399  -0.554629  1
-0.744248  -0.728770  1
-0.500739  -0.172712  0
0.651704  -0.043523  3
-0.308382  -0.720730  1
-0.847850  0.583931  0
-0.576749  0.507245  0
-0.596158  -0.727340  1
0.329062  -0.810819  1
-0.904598  0.877403  3
-0.892115  -0.378492  0
0.620988  -0.522012  1
-0.624540  0.203122  1
0.256325  0.801483  0
-0.773968  -0.723579  1
-0.164646  0.335431  1
-0.278208  0.091106  3
0.606660  0.221053  1
0.918394  0.258364  2
-0.822470  -0.389988  0
0.537634  -0.670320  1
-0.806057  0.960886  3
0.836925  -0.402215  0
-0.766455  0.165987  1
-0.213033  -0.671053  1
0.043390  -0.105149  3
-0.049545  -0.335623  2
0.372839  0.325915  1
0.867499  -0.370836  0
0.127398  -0.906469  3
-0.094415  0.962752  3
0.428962  0.627377  0
0.053858  0.035622  2
-0.151569  -0.027749  2
-0.706014  0.025961  3
0.582263  0.831620  0
0.355641  0.776206  0
0.792506  0.192566  1
-0.626009  -0.973949  2
-0.641447  0.160957  1
-0.645002  0.401942  1
-0.944191  0.305453  3
-0.933680  0.428648  1
-0.368632  0.933819  3
-0.942188  0.758766  3
-0.972650  -0.036603  2
0.721518  0.456312  1
-0.409226  -0.224625  0
-0.508066  0.439205  1
0.747626  -0.214080  0
-0.534834  0.329889  1
-0.382459  0.820808  0
0.106095  -0.589953  1
0.013374  0.480086  2
-0.563902  0.371927  1
-0.358957  -0.208904  0
-0.226131  -0.303148  0
-0.903451  -0.159811  2
-0.874500  -0.272083  0
-0.225993  -0.816688  1
-0.513317  -0.198642  0
0.146709  -0.791800  3
-0.742330  0.737483  0
-0.016425  -0.250396  2
0.176689  -0.268798  0
0.535524  0.641855  0
-0.938909  -0.846936  2
0.462663  0.167186  1
-0.436889  -0.523964  1
-0.352727  -0.000791  2
0.847963  0.288316  1
0.790305  -0.378168  0
0.985168  0.886854  2
0.462021  -0.889332  1
-0.385229  -0.763972  1
-0.706020  0.101453  3
0.037386  0.440689  2
0.309654  0.295056  1
0.178172  -0.706771  1
-0.955341  -0.645139  2
0.024431  0.580183  2
0.996715  0.085522  2
0.733247  0.459378  1
-0.747292  -0.703642  1
0.935414  -0.100019  3
0.295567  0.783378  0
-0.811703  0.085872  3
-0.594790  -0.826535  1
-0.027275  0.867230  3
-0.715867  0.587496  0
-0.896741  -0.421887  0
-0.311051  0.140644  1
-0.981199  0.998603  3
-0.564300  0.196973  1
-0.708169  -0.519641  1
0.551834  0.316262  1
-0.939458  0.548550  0
-0.598216  0.793790  0
0.007928  -0.345508  3
-0.909852  -0.056658  2
0.554473  0.385715  1
-0.273281  0.742770  0
-0.528414  0.131929  1
0.916235  0.444311  1
-0.000840  -0.799632  2
0.031807  0.102418  2
-0.221519  0.720756  0
-0.756937  -0.202718  0
0.719359  -0.321237  0
0.994256  -0.988810  3
0.159122  0.546090  0
0.327453  0.219664  1
0.094639  0.729236  2
0.013453  -0.897433  3
-0.616271  0.103601  1
0.045908  0.938202  2
-0.510684  0.772628  0
0.680972  -0.039098  3
-0.095443  0.597207  0
-0.594786  0.903717  0
0.797575  0.437021  1
0.006135  -0.423944  3
0.157777  0.249198  1
0.373338  -0.122864  0
0.927960  0.367594  2
-0.111673  0.087082  3
-0.086316  -0.784221  2
-0.693254  -0.991677  2
0.945016  0.320199  2
-0.889111  -0.671255  1
-0.576200  0.156798  1
-0.733053  -0.086884  2
-0.070574  0.947919  3
0.874018  0.833983  2
0.545126  -0.720768  1
0.737700  0.342701  1
0.716253  -0.256165  0
0.918758  -0.125970  3
0.993032  0.292096  2
0.751167  0.920993  2
-0.340310  -0.360506  0
0.008075  0.573374  2
-0.144727  0.314821  1
0.581696  -0.199711  0
-0.364980  0.692585  0
0.129034  0.058820  2
-0.150617  0.395980  1
0.971936  0.778809  2
0.343899  0.845955  0
0.612792  -0.110975  0
-0.874813  0.350491  1
-0.768274  0.841440  0
-0.905674  -0.849516  2
-0.284530  -0.912641  2
0.442580  -0.533363  1
-0.991649  -0.897730  2
0.106131  0.016426  2
0.675643  0.961404  2
-0.668753  0.257339  1
-0.238306  -0.033733  2
-0.050075  0.890727  3
-0.974913  0.799308  3
0.286708  0.997023  2
0.578117  -0.369393  0
0.842978  0.190908  2
0.519632  0.968165  2
-0.458601  0.751358  0
0.809605  -0.364274  0
0.901842  -0.474925  0
-0.276916  0.344422  1
-0.008288  -0.268565  2
0.446691  -0.902157  1
0.747862  0.122335  2
-0.940752  -0.920892  2
-0.620326  -0.179059  0
0.045375  0.329599  2
-0.288331  0.070462  3
0.128907  0.998376  2
0.067486  -0.292977  3
-0.371017  -0.089536  0
0.897931  -0.851385  3
-0.121371  -0.560669  1
0.899973  -0.311767  0
0.075056  0.801815  2
0.213308  0.798141  0
0.146237  -0.794979  3
-0.470424  -0.407072  0
-0.697136  -0.722562  1
0.715263  -0.637889  1
-0.643454  -0.905063  1
0.183053  0.401921  1
0.424536  0.894721  0
-0.527617  -0.446558  0
0.893098  0.539869  0
0.260466  -0.477919  0
-0.549667  0.158397  1
-0.329304  0.328961  1
0.597728  -0.429330  0
-0.982805  -0.327216  2
-0.627515  0.230503  1
-0.529075  0.518722  0
0.435524  0.000501  2
-0.888350  0.738387  3
0.277938  0.826913  0
-0.899501  0.634484  0
0.921849  0.283552  2
0.036405  0.346385  2
0.178273  0.508788  0
0.899827  0.071371  2
0.048657  0.160293  2
0.593452  0.498990  1
-0.681310  -0.735852  1
-0.172049  0.916418  3
-0.165182  -0.154854  2
-0.410798  0.207303  1
-0.924351  0.060126  3
-0.273975  0.511173  0
-0.939373  -0.162326  2
0.249560  0.338566  1
-0.335413  0.350059  1
-0.026950  -0.413564  2
-0.366389  -0.990545  2
0.932821  0.811883  2
0.518244  0.832649  0
-0.116746  -0.433099  0
-0.007058  -0.523294  2
-0.934109  0.311631  3
-0.259146  -0.106158  2
0.228049  0.575672  0
0.738988  0.817251  0
-0.217025  0.814637  0
-0.122623  0.509000  0
0.325810  -0.061996  3
-0.653326  -0.424630  0
-0.723430  0.011261  3
0.925429  0.249620  2
0.597697  -0.440961  0
0.259075  0.530519  0
-0.629077  -0.222682  0
0.363167  0.254177  1
0.344219  -0.643891  1
0.730883  0.410110  1
0.667740  -0.528263  1
-0.696048  -0.104211  0
-0.952591  -0.957060  2
-0.286960  -0.169615  0
0.857577  0.590417  0
-0.660616  0.183387  1
-0.471579  -0.313941  0
0.758756  -0.195009  0
0.697320  0.684185  0
-0.945389  0.295017  3
-0.756776  0.313686  1
-0.174464  -0.385853  0
-0.908996  -0.811297  2
0.868324  0.435223  1
-0.455188  0.599207  0
-0.154666  -0.787448  2
-0.929056  0.149286  3
0.108341  -0.881646  3
0.192226  0.821381  0
-0.051262  0.049803  3
0.411798  0.288123  1
-0.766810  0.940219  3
0.974181  0.991946  2
-0.254790  0.671501  0
0.676131  -0.200180  0
-0.033482  0.919356  3
-0.886494  0.792053  3
-0.466497  -0.795490  1
0.980756  -0.598173  3
0.639733  -0.474432  0
-0.998965  -0.514933  2
-0.261880  -0.928021  2
0.634353  0.846461  0
-0.809667  -0.173421  2
0.667842  0.139071  1
0.876382  0.079639  2
-0.572806  -0.890428  1
0.019858  -0.598625  3
-0.898482  0.765068  3
-0.927124  0.777650  3
-0.435112  0.039393  3
0.697006  -0.321606  0
-0.168553  -0.769491  1
-0.117096  -0.187797  2
-0.367664  -0.477363  0
0.337771  -0.366629  0
0.007704  -0.924109  3
-0.294650  -0.357943  0
0.922352  -0.104318  3
0.468636  0.590194  0
-0.965247  0.345018  3
-0.330167  -0.538053  1
0.454590  0.689692  0
-0.136678  0.556108  0
0.454759  -0.063803  0
0.333758  -0.980353  3
0.975591  0.030764  2
-0.301959  -0.192963  0
0.261272  0.580945  0
0.619241  0.893608  0
-0.896417  -0.042988  2
-0.473021  0.111287  1
0.032903  0.232329  2
0.753344  -0.044744  3
-0.871989  0.221980  3
-0.454550  -0.837236  1
-0.433002  0.215283  1
-0.375289  -0.978412  2
-0.095025  0.488033  1
0.577696  -0.640266  1
-0.575770  -0.088546  0
-0.620619  -0.600179  1
0.942217  0.077423  2
0.206858  0.203490  1
-0.341632  -0.173901  0
0.097098  -0.238049  3
0.783111  0.624077  0
0.873238  -0.183986  3
-0.143594  0.626582  0
0.771270  -0.015583  3
-0.151438  -0.683280  1
0.147181  0.415560  1
0.532003  0.771892  0
0.437147  -0.563022  1
0.259925  0.014843  2
-0.203288  0.684155  0
0.926297  0.176094  2
-0.916024  0.868514  3
-0.746484  0.290834  1
0.072004  -0.088115  3
-0.883066  -0.830898  2
0.673836  0.900045  0
0.793180  0.547075  0
-0.283941  -0.350414  0
0.173657  -0.512671  1
0.634002  -0.977781  3
-0.195951  -0.218817  0
0.437779  -0.663948  1
-0.446925  -0.125074  0
-0.226970  0.813000  0
0.889769  0.569742  0
0.497155  0.816066  0
-0.254164  0.581131  0
0.684581  -0.000648  3
-0.128034  -0.243415  2
0.911237  -0.011101  3
-0.074313  0.585073  0
-0.111056  -0.281133  0
0.132148  0.605003  0
0.368453  -0.694195  1
-0.907668  0.002455  3
-0.671976  -0.103619  0
0.783638  0.765803  0
0.232433  -0.663287  1
-0.359271  -0.994537  2
-0.850286  -0.469502  0
0.575205  0.646869  0
-0.653436  -0.678959  1
0.228001  -0.968855  3
0.320393  -0.900034  1
-0.212270  0.231630  1
0.088866  0.713417  2
-0.183297  0.977810  3
-0.567716  0.948851  3
0.582813  0.800736  0
-0.745344  0.675145  0
-0.196809  -0.417320  0
-0.428475  -0.413171  0
-0.651517  0.803958  0
-0.076457  -0.010788  2
0.809421  0.073256  2
0.519710  0.384626  1
-0.279874  0.866274  0
0.705666  0.948126  2
0.897419  0.026059  2
-0.951907  -0.314852  2
-0.742311  0.136959  1
-0.601435  0.074393  1
0.114769  -0.169151  3
0.023244  -0.302419  3
-0.368415  0.277900  1
-0.627274  0.434776  1
0.860581  -0.055749  3
-0.978395  -0.790936  2
-0.251790  -0.054852  2
0.198276  -0.442370  0
-0.981595  -0.282014  2
0.942256  -0.261470  3
-0.415740  0.647923  0
-0.313343  -0.518321  1
-0.326018  -0.265251  0
0.166827  -0.068329  3
0.871708  0.565392  0
-0.993936  -0.013524  2
-0.603759  0.029308  3
0.684058  0.027826  2
-0.692792  -0.943216  2
-0.537398  -0.832211  1
0.001035  -0.515792  3
-0.623147  0.749245  0
0.429356  0.575129  0
-0.693125  0.447761  1
-0.706885  -0.750869  1
-0.813709  -0.122624  2
0.897054  -0.127052  3
0.359055  -0.428964  0
0.607697  -0.474118  0
0.502707  0.479405  1
-0.908726  0.508771  0
-0.534119  -0.512485  1
-0.461921  -0.850061  1
0.515341  -0.154713  0
-0.793277  0.977944  3
0.013076  0.207758  2
-0.537849  0.389929  1
-0.042997  0.891507  3
-0.034941  0.263878  3
0.339268  0.258174  1
0.513010  0.525559  0
-0.864450  0.410064  1
-0.601493  0.494604  1
0.981100  -0.993796  3
-0.979514  0.483808  3
0.485609  -0.888240  1
-0.007421  0.951490  3
-0.400724  0.530657  0
-0.898571  -0.885383  2
-0.624056  -0.691848  1
-0.907440  0.389020  1
0.515910  -0.445288  0
-0.221050  -0.527086  1
-0.553781  0.744008  0
0.736792  0.785487  0
0.002182  0.249802  2
0.311047  0.137732  1
-0.340134  0.709554  0
-0.367663  -0.359034  0
0.715758  -0.347177  0
-0.875226  0.201366  3
-0.235416  0.117352  3
0.152856  0.363859  1
-0.351990  0.254286  1
0.478476  0.023954  2
0.562438  0.571036  0
-0.587025  0.078348  1
-0.874252  0.191924  3
0.551262  -0.428033  0
-0.064067  0.288054  3
-0.642546  0.938115  3
-0.462144  0.668501  0
0.075848  0.197721  2
0.378054  0.708184  0
0.838688  0.093812  2
-0.638992  0.963462  3
-0.704822  0.125591  1
0.080814  0.448035  1
-0.510549  0.728824  0
-0.297679  0.967927  3
-0.247222  -0.735242  1
0.538963  0.165753  1
0.343106  0.664711  0
-0.642323  -0.105632  0
-0.763322  0.293609  1
-0.817579  -0.405867  0
0.231725  -0.279723  0
-0.737366  -0.692428  1
0.917998  0.640688  0
-0.984244  0.756686  3
-0.265500  -0.623236  1
0.720148  0.029679  2
0.502355  -0.199038  0
-0.522286  0.991806  3
-0.470215  0.180034  1
0.959733  0.282563  2
0.444792  0.498696  1
-0.551684  -0.212102  0
0.163407  -0.194008  3
0.682266  0.400085  1
-0.900398  0.864688  3
0.994217  0.331326  2
-0.415035  -0.743149  1
0.638898  -0.497037  0
0.897539  0.654655  0
-0.740351  -0.367961  0
-0.968581  0.979797  3
0.661718  0.533774  0
-0.219241  -0.860569  2
0.525580  0.310544  1
0.319465  0.485313  1
-0.406893  -0.235743  0
-0.015991  0.041422  3
0.552156  -0.852585  1
0.847415  0.234422  1
0.547500  0.947016  2
0.099110  0.541717  0
0.278342  0.684074  0
0.798568  -0.082759  3
-0.812962  0.696107  0
-0.428104  -0.553313  1
-0.671854  -0.396685  0
-0.573516  0.989863  3
-0.862911  0.207242  3
-0.870705  0.662669  0
-0.482214  0.448760  1
0.147982  0.110893  2
-0.786983  -0.868009  2
-0.847685  0.765173  0
-0.720594  0.999730  3
-0.000405  0.826906  3
0.946746  -0.901295  3
0.368623  0.225089  1
0.782779  0.167191  1
-0.857670  0.969817  3
-0.136702  -0.285775  0
-0.583496  0.191443  1
0.317540  -0.157012  0
0.181307  0.454628  1
-0.949770  0.310601  3
0.117298  -0.431983  0
-0.240639  -0.734720  1
0.678910  -0.027622  3
-0.602729  0.831225  0
-0.262449  -0.323323  0
0.830955  0.737146  0
-0.496417  0.777701  0
0.835851  0.872206  2
0.002790  0.618631  2
0.039397  0.145120  2
0.588448  0.902694  0
0.859345  -0.995049  3
0.094138  0.176884  2
-0.152061  -0.724555  1
-0.368487  -0.101830  0
0.586046  0.748811  0
0.466186  -0.654593  1
-0.985909  0.145096  3
0.317785  -0.588638  1
-0.023679  -0.944664  2
0.088038  -0.192724  3
0.792483  0.591621  0
-0.415022  0.628334  0
0.463827  0.587768  0
0.246965  -0.496777  0
-0.267113  -0.164588  0
-0.594083  -0.407768  0
-0.159636  0.500055  0
0.769117  0.688303  0
0.775499  -0.599370  1
-0.413527  0.361545  1
-0.850560  -0.947341  2
0.706952  -0.836469  1
0.197755  0.024738  2
-0.425108  -0.825923  1
0.080074  0.662931  2
-0.018647  -0.127443  2
0.254552  0.566331  0
-0.499109  -0.281622  0
0.154099  0.747856  0
0.221601  0.886986  2
-0.416732  0.627518  0
-0.520782  0.423632  1
0.127573  -0.751665  3
0.111935  -0.096927  3
-0.351036  0.698408  0
-0.735382  -0.201595  0
0.751067  0.971570  2
-0.038065  -0.051178  2
-0.003692  0.536828  3
0.122899  -0.923618  3
0.199758  -0.895748  3
-0.051061  -0.545690  2
0.670583  0.449830  1
0.172688  -0.175319  3
0.197686  -0.605711  1
-0.288333  0.780954  0
-0.978193  0.190886  3
0.204585  0.149381  2
0.439220  -0.683480  1
-0.947547  -0.911815  2
-0.985072  -0.682929  2
-0.113411  0.765994  3
-0.711359  0.848525  0
-0.285184  0.284950  1
0.385352  0.837715  0
0.361332  -0.414889  0
0.941967  -0.689729  3
0.039421  0.612549  2
0.760101  -0.787891  1
-0.562769  -0.042213  2
-0.393602  0.148898  1
-0.261260  -0.371794  0
-0.660216  0.943326  3
0.777586  0.779004  0
-0.740154  0.830039  0
0.867189  -0.725227  1
-0.852890  -0.246222  0
-0.959232  -0.564248  2
-0.397697  -0.244416  0
0.720701  0.987655  2
-0.406701  0.082033  1
-0.427234  -0.464734  0
0.392304  0.612187  0
-0.852185  0.152405  3
0.824296  -0.414954  0
-0.889808  -0.569306  1
0.733944  -0.151068  0
0.058900  -0.926273  3
-0.207742  -0.163514  0
0.852731  0.052104  2
-0.333475  0.719920  0
0.326877  -0.186365  0
-0.526302  0.367645  1
0.249387  0.076001  2
-0.876771  -0.029912  2
0.063657  -0.283471  3
-0.947878  0.636423  3
0.251795  0.444426  1
0.248610  0.399610  1
-0.403169  0.072906  1
0.984656  -0.292977  3
0.503600  0.718600  0
0.555955  -0.437501  0
0.792327  -0.651787  1
0.398985  0.645058  0
0.400317  -0.934490  1
0.364979  -0.272805  0
-0.120855  0.838677  3
-0.905160  -0.871468  2
-0.085322  -0.781931  2
0.098621  0.978335  2
-0.065402  0.150742  3
0.614758  -0.813608  1
-0.404832  -0.136632  0
0.586002  0.191999  1
0.936273  0.570658  0
0.899022  0.439873  1
0.289257  0.454977  1
-0.997627  0.081584  3
0.803191  0.401358  1
-0.273357  0.203508  1
0.466868  -0.908379  1
0.930703  -0.653987  3
0.930298  -0.974457  3
-0.525454  -0.155024  0
-0.756388  0.573167  0
-0.176689  0.178210  3
-0.276091  -0.561931  1
0.364602  0.319077  1
0.301437  -0.049395  3
-0.488924  0.237710  1
-0.478737  -0.589902  1
-0.322416  0.810520  0
0.865076  -0.320044  0
-0.107896  0.668266  0
-0.918685  0.618747  0
-0.128225  0.548183  0
0.710368  -0.197522  0
0.894196  0.640666  0
-0.171979  -0.631258  1
-0.514357  0.071633  1
0.941909  0.308954  2
-0.750157  -0.334182  0
0.747023  0.614445  0
0.984895  0.048460  2
-0.434950  -0.504029  1
-0.713830  0.086313  3
-0.093930  -0.036246  2
-0.103167  -0.228855  2
0.643710  0.788937  0
-0.560588  0.725025  0
0.407684  0.311186  1
0.273207  0.118052  1
-0.886336  0.167404  3
-0.241282  -0.058315  2
0.536146  0.244361  1
-0.986683  0.478055  3
-0.446685  -0.736840  1
-0.856128  -0.699662  1
0.877606  -0.871232  3
0.348798  -0.557344  1
-0.375261  0.634968  0
0.528968  0.530809  0
-0.401279  -0.574199  1
-0.698046  -0.757568  1
-0.785262  -0.258634  0
0.967456  0.622422  2
-0.947448  0.240664  3
-0.259526  -0.833783  1
-0.591933  0.499192  1
0.107901  0.944213  2
-0.256447  0.121219  3
0.422267  0.296868  1
0.384379  0.566140  0
0.597206  0.261984  1
0.694907  -0.053997  3
0.704640  -0.680354  1
-0.419029  0.233608  1
0.850455  0.179692  2
0.659409  -0.847591  1
0.422124  0.874146  0
-0.106225  0.389580  1
0.496568  -0.053672  0
-0.369756  -0.762959  1
0.112544  0.038311  2
0.736234  -0.779555  1
-0.017476  -0.520213  2
0.341664  -0.595209  1
0.776655  -0.273957  0
0.970931  0.373860  2
0.988027  0.665838  2
-0.680136  0.692667  0
0.985485  -0.099165  3
-0.073725  0.835940  3
-0.919473  -0.414316  0
0.988349  0.502651  2
-0.540170  -0.117876  0
-0.107769  0.956398  3
0.828452  0.522475  0
-0.806561  -0.059004  2
-0.439214  0.929673  0
0.161442  0.543309  0
-0.590541  -0.496894  0
0.948101  -0.813886  3
0.229149  0.919032  2
0.559974  0.217176  1
0.584870  0.879838  0
-0.090157  0.570355  0
-0.219327  0.836118  0
0.406294  -0.138800  0
-0.578198  0.394643  1
-0.636149  -0.118368  0
-0.723233  0.256082  1
-0.161971  -0.894781  2
-0.221444  0.031468  3
0.046215  0.339342  2
-0.038859  -0.792343  2
-0.117349  0.370600  1
-0.289237  -0.169248  0
0.556714  0.939911  0
-0.250216  0.116688  3
0.157087  -0.665346  1
-0.003474  -0.933070  2
0.905008  0.777199  2
0.903048  0.311303  1
-0.361601  -0.675150  1
-0.294054  0.002250  3
0.206482  -0.017287  3
-0.741668  -0.955489  2
0.087933  0.036888  2
0.075979  -0.865852  3
-0.623770  -0.962880  2
-0.658195  0.258881  1
0.407720  0.052567  2
-0.910367  -0.035566  2
-0.007521  -0.160583  2
-0.918877  -0.850435  2
0.174071  0.077649  2
-0.783505  0.079079  3
-0.145152  -0.880457  2
-0.609619  0.493247  1
-0.555607  0.096327  1
-0.504503  0.650875  0
-0.920959  -0.246171  2
0.695386  0.166973  1
0.790717  -0.228635  0
0.301121  -0.833053  1
-0.191515  0.642926  0
0.425828  -0.783795  1
-0.304507  0.515462  0
0.180639  0.687972  0
-0.645121  0.261762  1
0.837537  0.528950  0
-0.660589  -0.945967  2
-0.391972  0.194259  1
-0.826424  -0.001590  2
-0.312494  -0.382030  0
-0.905263  0.183004  3
-0.731155  -0.826222  1
0.936832  0.964230  2
0.340751  0.727549  0
-0.264405  -0.358128  0
0.894496  0.544080  0
-0.715202  0.320325  1
0.760284  -0.019709  3
-0.164213  -0.059077  2
-0.331737  0.190666  1
-0.797315  -0.494199  0
-0.280385  -0.457904  0
-0.440166  0.327644  1
0.736355  -0.266590  0
-0.673946  -0.576139  1
0.351380  -0.579209  1
0.606865  0.620224  0
-0.405432  0.543697  0
0.584455  0.935319  0
0.271247  -0.679950  1
-0.422809  0.165743  1
0.864129  -0.138011  3
-0.513932  0.624413  0
0.842280  0.321854  1
-0.434663  -0.489457  0
-0.487480  -0.231978  0
0.016344  0.232135  2
0.310118  0.576177  0
-0.440221  0.046473  3
-0.690413  -0.114167  0
0.470334  0.660967  0
0.306624  0.077199  2
0.281191  0.901192  2
-0.379104  -0.134354  0
0.836511  0.892143  2
0.185695  -0.586299  1
0.057886  0.049824  2
0.275690  0.543954  0
-0.325762  0.117970  1
-0.134192  0.239574  3
0.628513  0.378328  1
-0.992404  -0.355143  2
-0.389537  0.317714  1
-0.778966  0.170243  1
-0.635813  -0.469379  0
-0.943925  0.834521  3
-0.808412  0.362699  1
-0.088280  0.472779  1
0.263891  0.532616  0
-0.661575  0.100402  1
0.424759  0.524120  0
0.514103  -0.517355  1
-0.426056  -0.210207  0
-0.973401  0.248181  3
0.907763  -0.107594  3
-0.512244  0.536275  0
-0.729266  -0.504648  1
-0.818868  -0.118802  2
0.813066  -0.597834  1
-0.948560  -0.822747  2
-0.067213  -0.892484  2
-0.988226  0.124376  3
0.470215  -0.076507  0
-0.402845  -0.265895  0
-0.543891  -0.064420  0
0.834507  0.880868  2
-0.540301  0.348610  1
-0.636487  0.033643  3
-0.861597  -0.609888  1
-0.718176  -0.953835  2
0.282518  -0.230420  0
0.582441  0.553252  0
0.264932  0.763573  0
-0.565550  0.077999  1
-0.834261  -0.514110  1
0.255251  0.098526  2
-0.406594  0.267025  1
-0.777098  -0.936380  2
-0.809482  -0.179943  0
-0.202274  -0.353372  0
0.755637  -0.367767  0
-0.472504  -0.784664  1
0.980843  -0.108990  3
0.248979  -0.880754  3
0.281121  0.530803  0
-0.834589  -0.436360  0
-0.699616  0.747852  0
-0.883108  0.565316  0
0.511425  -0.448658  0
-0.356685  0.677164  0
0.037232  0.898566  2
-0.224310  0.630638  0
0.165591  -0.001408  3
0.694258  0.356109  1
0.818649  -0.508016  1
-0.997263  0.574286  3
0.124217  -0.469767  0
0.789622  0.105060  2
0.421243  0.038600  2
0.224306  -0.297635  0
-0.430596  0.389717  1
0.266004  -0.130213  0
0.137568  0.382897  1
-0.564897  -0.351007  0
0.934239  0.078418  2
-0.673843  -0.028529  2
-0.023016  0.101847  3
-0.397891  -0.857425  1
-0.899561  -0.703632  2
0.498685  0.919088  0
-0.211648  0.501422  0
0.493374  0.912569  0
-0.968345  0.282996  3
0.017629  0.452898  2
-0.678404  -0.758065  1
-0.844737  -0.109000  2
0.631652  0.421267  1
0.760787  -0.230780  0
-0.195836  -0.804110  1
0.418213  -0.261598  0
0.274308  0.744370  0
0.709874  -0.748708  1
-0.153784  -0.688017  1
-0.606133  -0.053345  2
-0.391649  0.892552  0
-0.134256  0.396703  1
0.393973  -0.640882  1
0.309273  0.425629  1
0.642113  -0.673098  1
-0.121473  0.963709  3
-0.431163  0.033790  3
-0.145291  -0.799511  2
-0.544943  -0.384504  0
-0.030291  0.259220  3
-0.188614  -0.612078  1
0.997623  -0.914306  3
-0.867709  0.707497  0
-0.663014  -0.021492  2
-0.980520  -0.269147  2
0.925163  -0.372169  0
-0.376596  -0.209094  0
-0.975466  -0.982622  2
0.150024  0.333807  1
0.443007  -0.207863  0
0.660709  -0.678467  1
-0.244153  -0.770454  1
0.355323  0.610556  0
-0.569965  0.810380  0
-0.773949  0.399744  1
0.069600  0.037437  2
0.787666  0.067223  2
0.123131  0.919957  2
-0.225280  0.460117  1
-0.101535  -0.205800  2
-0.809030  -0.176373  2
0.422031  -0.185626  0
0.614534  0.446565  1
-0.168248  -0.235442  0
-0.219628  -0.725241  1
0.556695  -0.558919  1
-0.403708  -0.687459  1
-0.329373  0.951615  3
0.923097  0.100662  2
0.761995  -0.850852  1
-0.499595  -0.168404  0
0.186586  -0.711929  1
0.898819  -0.690283  1
-0.791972  -0.326461  0
0.769834  0.106492  2
0.467739  0.960804  2
0.930120  -0.110230  3
-0.224822  0.544653  0
-0.663665  0.606931  0
-0.690789  0.116706  1
0.881689  0.865906  2
0.557787  -0.522018  1
-0.821553  -0.771586  1
-0.570403  -0.898456  1
0.329075  -0.808408  1
-0.749308  0.829480  0
0.023188  0.437278  2
-0.882449  -0.077993  2
0.746995  -0.674421  1
0.595546  0.516829  0
0.432071  0.063285  1
0.477633  0.362191  1
0.953055  -0.747189  3
-0.093156  -0.710610  2
0.859742  0.216055  2
0.406096  0.741432  0
0.081961  -0.036117  3
-0.780587  0.260408  1
0.192297  -0.350990  0
0.361951  -0.478629  0
-0.159398  0.612644  0
-0.649148  0.863789  0
0.049921  -0.531597  3
-0.214204  -0.203084  0
-0.206018  -0.618659  1
-0.686255  -0.773947  1
0.444626  0.791378  0
0.588244  0.397681  1
-0.955811  -0.504912  2
0.687071  0.903931  0
0.711143  0.093167  2
0.645363  -0.206896  0
-0.942950  0.864776  3
-0.946488  0.249346  3
-0.486214  0.415463  1
0.770718  0.354388  1
0.028107  -0.878430  3
0.218177  -0.921972  3
-0.410027  -0.996028  2
-0.125056  0.383955  1
-0.614686  0.188689  1
0.610008  0.829940  0
-0.019933  0.198252  3
0.227621  0.024256  2
0.693340  -0.085308  3
-0.071812  0.404484  1
-0.992141  -0.426449  2
-0.802412  -0.935091  2
-0.561673  -0.748900  1
0.314255  -0.047887  3
0.666564  0.084973  1
-0.693500  -0.305329  0
0.206543  0.524677  0
-0.227301  0.796515  0
0.528650  0.647643  0
0.180470  0.913963  2
-0.163667  -0.209522  0
0.743904  0.816400  0
0.988730  -0.028475  3
-0.159344  0.682070  0
0.886217  0.768844  2
0.086554  0.894076  2
-0.657606  0.284142  1
0.958985  -0.219279  3
0.535242  0.273241  1
0.732833  0.201806  1
-0.641786  -0.960666  2
0.896476  0.564756  0
0.564011  -0.330825  0
0.361272  0.092660  1
-0.683181  -0.458258  0
0.006624  0.153151  2
0.332220  -0.249473  0
-0.030449  0.320949  3
0.722053  0.810207  0
0.003020  0.608270  2
0.579051  -0.910426  1
0.502346  0.921445  0
0.373716  0.461332  1
-0.297834  -0.091042  2
-0.265428  -0.565001  1
-0.889237  0.092786  3
-0.525667  -0.992760  2
-0.342457  -0.961657  2
-0.323585  -0.981186  2
0.131004  -0.006767  3
-0.439444  -0.862372  1
-0.853615  0.892776  3
-0.111845  0.115936  3
0.213725  -0.389792  0
-0.073857  -0.783255  2
-0.781523  -0.494807  0
-0.693682  0.720824  0
-0.573362  0.680034  0
0.182155  0.128804  2
-0.411008  0.916728  0
0.563803  -0.300245  0
0.009514  -0.961864  3
-0.293005  0.667056  0
-0.923521  0.383409  1
0.685871  0.207483  1
-0.623358  -0.753573  1
0.345111  -0.476973  0
-0.860797  -0.766734  2
0.638963  0.352928  1
-0.156527  -0.434895  0
0.569672  0.061950  1
0.070299  0.875991  2
-0.217226  0.496937  1
0.556025  0.964930  2
-0.374259  -0.854984  1
0.881658  -0.810456  3
-0.155228  -0.108828  2
-0.772321  0.551766  0
-0.441772  -0.695841  1
-0.064825  -0.755901  2
0.511642  0.311818  1
-0.509474  -0.143248  0
0.834845  -0.370272  0
0.090017  0.473808  1
0.982656  0.933491  2
-0.961087  0.552329  3
-0.004559  0.109212  3
0.428319  0.778215  0
-0.393851  -0.015656  2
0.743145  0.231889  1
0.129361  0.624803  0
0.421433  0.974132  2
-0.484026  0.649112  0
0.525898  0.074203  1
0.953271  -0.538926  3
0.318301  0.464912  1
0.772892  0.808827  0
-0.678336  0.607737  0
-0.561444  0.411682  1
0.081544  -0.578788  1
0.345172  0.120457  1
0.973541  -0.659387  3
-0.770331  0.401860  1
-0.881171  -0.164182  2
-0.613796  0.861974  0
-0.932293  0.515565  0
0.486776  0.489140  1
0.489697  -0.997249  3
0.138253  0.015596  2
0.076953  0.091524  2
0.476670  -0.604745  1
-0.443564  0.249561  1
-0.795918  -0.121899  2
-0.142702  -0.357362  0
-0.710217  0.938843  3
0.063850  0.634955  2
0.059300  0.037390  2
0.975568  0.288969  2
-0.560749  -0.905603  1
-0.875213  -0.174545  2
0.956371  -0.807506  3
-0.658980  0.443147  1
0.681635  0.830717  0
0.445898  -0.180112  0
-0.153687  -0.477149  0
0.911412  -0.677017  3
-0.081894  -0.532152  1
0.572544  0.122188  1
0.345949  -0.570158  1
0.764826  0.635731  0
-0.631315  -0.171324  0
0.270686  0.427985  1
0.866066  0.246254  1
-0.283045  -0.694683  1
0.340651  -0.158258  0
0.130772  0.297022  1
0.034236  0.471792  2
-0.259831  -0.284129  0
0.302509  -0.813933  1
0.535759  -0.851178  1
-0.291082  0.447170  1
-0.528196  0.627024  0
0.915018  -0.955651  3
-0.250788  0.260967  1
-0.525809  -0.485962  0
-0.103302  -0.157124  2
0.342714  -0.832616  1
-0.729139  0.208780  1
0.413639  -0.012184  3
0.514096  -0.245710  0
0.829557  -0.355132  0
-0.948688  -0.136207  2
-0.883340  -0.208519  2
0.579664  0.419169  1
-0.022452  0.115423  3
0.567991  0.686467  0
-0.437407  -0.960205  2
0.313491  -0.522388  1
-0.915856  -0.937297  2
0.738578  -0.441665  0
-0.423259  -0.364723  0
0.401211  0.919454  0
-0.197339  0.672072  0
0.128234  -0.783700  3
-0.340112  -0.357669  0
-0.029410  -0.510555  2
0.287199  0.021903  2
0.353239  0.403859  1
0.813384  -0.067097  3
-0.176973  -0.209067  0
-0.951674  -0.608982  2
-0.522601  -0.389081  0
-0.569187  0.790890  0
0.088531  -0.485043  0
0.853593  -0.172891  3
0.073291  -0.569666  1
0.462386  -0.525498  1
-0.650212  -0.734953  1
-0.853426  0.478022  1
-0.518653  -0.193538  0
-0.879647  0.451938  1
0.295907  0.407552  1
-0.526159  -0.350854  0
-0.188589  -0.712775  1
0.582049  0.634438  0
0.078158  0.630375  0
-0.974544  0.555557  3
-0.758705  -0.543731  1
0.346447  0.329825  1
-0.028775  0.200040  3
-0.843065  -0.955483  2
0.630374  0.619321  0
-0.480981  0.980162  3
0.884368  -0.334407  0
0.458184  -0.634285  1
0.472055  0.578537  0
0.817653  -0.232038  0
-0.013911  -0.708506  2
0.417108  0.797499  0
-0.421281  -0.000842  2
0.431937  0.656877  0
-0.370467  0.457393  1
0.212434  -0.129173  3
0.913661  -0.441119  0
-0.799347  -0.115113  2
0.758921  -0.642413  1
-0.070597  0.389295  1
0.976908  0.448422  2
0.369457  0.861276  0
-0.885985  -0.172360  2
-0.773009  0.586070  0
-0.593823  -0.955356  2
-0.645968  0.392266  1
-0.663862  0.771140  0
0.189765  -0.085143  3
-0.229702  -0.378298  0
-0.428267  0.399831  1
-0.920905  0.784167  3
-0.729342  0.992756  3
-0.656951  -0.528689  1
-0.122357  -0.898030  2
-0.171102  0.807046  3
0.491265  -0.194194  0
0.255468  -0.139279  0
-0.332918  0.369483  1
0.688362  -0.105927  0
-0.044447  -0.905461  2
-0.061283  0.309585  3
0.486804  0.274855  1
0.080725  -0.323431  3
-0.810288  0.851023  3
0.298271  -0.238555  0
0.250854  0.377366  1
-0.454387  0.521511  0
0.370122  -0.111339  0
0.992822  -0.752235  3
-0.009369  -0.178280  2
-0.945189  -0.518104  1
0.627527  0.310280  1
0.342617  -0.705391  1
-0.320237  0.030979  3
0.188682  0.635316  0
0.125517  -0.872601  3
-0.055099  -0.387678  2
0.402254  -0.974374  3
0.288891  0.591966  0
0.876649  -0.412838  0
-0.646589  0.127502  1
0.964528  -0.100976  3
-0.350986  0.334650  1
0.787685  -0.358164  0
0.582415  -0.221684  0
0.463557  0.637226  0
0.260212  0.091083  2
-0.052494  -0.397171  2
0.385692  0.627269  0
0.633808  -0.425626  0
0.262586  -0.240675  0
-0.298227  -0.792514  1
0.371647  -0.895973  1
-0.766887  -0.339462  0
0.695993  -0.890239  1
0.247700  -0.950595  3
0.237264  0.212227  1
-0.051571  0.886278  3
-0.453123  -0.263887  0
-0.471886  -0.870708  1
0.514429  0.991671  2
0.766518  -0.225359  0
0.082754  -0.285976  3
0.377470  -0.531554  1
-0.658707  0.011278  3
0.042820  0.603879  2
0.770603  0.744593  0
0.811365  0.142250  2
0.848620  -0.955522  3
0.802787  0.544613  0
-0.845761  0.050487  3
0.594018  0.391503  1
-0.737286  -0.457553  0
0.277781  -0.190409  0
0.278560  0.805895  0
-0.061117  -0.207011  2
0.797566  -0.294599  0
0.567631  -0.119681  0
0.419425  -0.054899  3
0.348765  0.760718  0
0.956378  -0.608415  3
0.364597  0.726981  0
-0.863823  0.175963  3
-0.130769  0.984797  3
0.220441  -0.327982  0
0.529411  0.374680  1
0.722505  0.123429  1
-0.233817  0.985219  3
0.665875  -0.956036  3
-0.205190  -0.055564  2
0.849859  0.733693  0
0.737425  0.647425  0
-0.560906  0.305056  1
-0.472256  0.858519  0
-0.749844  0.876509  3
0.619238  -0.793466  1
-0.731906  -0.016165  2
0.933515  -0.595729  1
-0.840202  -0.197254  2
-0.610932  0.380239  1
0.474764  0.918479  0
-0.245081  0.197269  1
0.041908  0.521102  2
0.182488  -0.292217  0
0.565066  0.977299  2
0.652219  0.414926  1
0.710992  0.389644  1
0.062351  -0.849914  3
-0.305300  0.590095  0
-0.991395  -0.055144  2
0.466604  0.627843  0
0.151390  0.734698  0
-0.388322  0.084906  1
-0.861031  -0.228524  2
0.887652  -0.471962  0
-0.848285  0.362415  1
-0.553483  -0.093367  0
-0.440316  0.488425  1
-0.572264  0.742172  0
-0.803792  0.992802  3
0.719471  0.848427  0
0.407727  0.430463  1
0.238071  -0.529922  1
0.580549  0.932771  0
-0.939827  0.589155  3
-0.122373  0.526777  0
0.216998  -0.970983  3
0.261475  0.828676  0
0.113922  0.400445  1
-0.399848  0.001574  3
0.928483  -0.248133  3
-0.636011  -0.625000  1
0.658500  -0.076326  3
0.863425  -0.913764  3
-0.334154  -0.940367  2
-0.920962  -0.614683  1
0.908060  0.486765  1
0.815780  0.146131  2
0.956843  0.396329  2
0.078902  -0.982984  3
-0.014516  0.956529  3
0.543793  -0.797518  1
0.985545  -0.194732  3
-0.968843  0.099468  3
-0.794287  -0.368690  0
-0.898958  -0.865804  2
0.383176  -0.534969  1
-0.490805  0.041677  3
0.388705  -0.627380  1
0.127913  -0.945449  3
-0.567747  0.206950  1
-0.560132  -0.659687  1
-0.306284  -0.744351  1
0.486445  -0.349441  0
0.651978  -0.434653  0
-0.332425  -0.362538  0
-0.478125  -0.788632  1
-0.160056  -0.492579  0
0.016636  -0.128899  3
0.606889  0.222349  1
0.502411  0.707930  0
0.356545  -0.114413  0
-0.827038  0.865740  3
0.927264  0.561667  0
-0.761640  0.055177  3
0.616218  -0.329387  0
-0.737873  -0.943914  2
0.010927  -0.044157  3
-0.688265  -0.502629  1
0.606401  0.963713  2
0.062718  -0.726024  3
-0.398825  0.584593  0
-0.514656  0.441119  1
-0.907986  0.501981  0
-0.687780  0.698902  0
-0.275670  0.814631  0
0.406832  -0.919126  1
-0.299782  0.579794  0
0.946615  -0.372518  3
0.141461  -0.815025  3
0.682658  -0.242322  0
-0.144412  0.944785  3
-0.186235  0.866515  3
-0.099372  0.125500  3
-0.636114  -0.492971  0
0.089213  0.426604  1
-0.218994  0.690388  0
0.011197  0.266350  2
0.131506  0.103210  2
-0.231669  0.443726  1
-0.197888  0.492660  1
0.258357  -0.791055  1
0.573535  0.958574  2
0.788738  0.520149  0
-0.413944  -0.069801  0
0.705124  -0.731286  1
0.687878  -0.439288  0
-0.786501  -0.498358  0
-0.572773  0.114127  1
0.627142  -0.208887  0
0.621156  -0.283646  0
-0.782283  -0.597838  1
-0.593258  0.228914  1
0.668512  0.538248  0
-0.667876  -0.563158  1
-0.018026  0.134236  3
0.929503  -0.759669  3
0.343180  0.503037  0
-0.801095  0.131919  3
0.023187  -0.215039  3
-0.937882  -0.271689  2
0.053675  0.749996  2
0.289024  0.267174  1
-0.748362  0.716251  0
-0.618700  0.878780  0
-0.492636  -0.997544  2
-0.404866  -0.274919  0
-0.595382  0.001876  3
0.953995  -0.926870  3
-0.459875  -0.713882  1
-0.490027  0.522099  0
0.420354  -0.560525  1
0.762430  -0.236466  0
0.942513  0.961335  2
0.895453  -0.034300  3
-0.253704  0.957572  3
0.694011  0.799971  0
0.707567  -0.016966  3
0.067144  0.959205  2
-0.300715  0.448445  1
0.837984  0.206649  2
0.450901  -0.566882  1
0.931730  0.855519  2
0.434994  0.885725  0
0.928649  0.975119  2
-0.828157  -0.561378  1
0.497218  0.592197  0
-0.121903  0.259648  3
-0.644268  -0.179390  0
0.220983  -0.748815  1
0.786309  0.967279  2
-0.791243  0.480320  1
0.767250  0.916324  2
-0.536645  -0.165606  0
0.875528  0.162640  2
-0.717161  0.713513  0
-0.630711  0.733740  0
-0.853369  -0.698980  1
0.589259  0.581626  0
-0.813255  0.517908  0
0.556745  -0.641412  1
0.956530  0.053963  2
0.950785  -0.165373  3
-0.686389  -0.693484  1
0.655237  0.534594  0
-0.442298  0.441547  1
0.501873  -0.233542  0
-0.078133  0.269123  3
-0.317218  0.385222  1
-0.896483  -0.441690  0
-0.452139  -0.613644  1
-0.728177  -0.082849  2
-0.879904  -0.581546  1
0.218170  0.709355  0
-0.999920  0.404915  3
0.227263  0.556824  0
0.763502  0.183793  1
-0.389213  0.714287  0
-0.981579  -0.075602  2
-0.979196  0.673658  3
-0.541008  -0.421495  0
0.115205  0.960865  2
0.344963  -0.962928  3
0.229989  -0.972255  3
0.422294  0.333506  1
-0.413945  0.970155  3
0.719862  -0.142122  0
-0.112694  0.839958  3
0.276332  -0.894524  3
0.549313  0.276411  1
0.510390  -0.223424  0
-0.166764  0.273893  1
0.960370  0.444022  2
-0.011820  0.978790  3
-0.631580  0.008983  3
0.652448  -0.172588  0
0.587488  -0.232347  0
-0.211723  -0.067549  2
-0.195275  -0.981734  2
-0.039804  -0.772981  2
0.351772  0.546251  0
-0.802826  0.071635  3
-0.595871  0.084480  1
-0.088407  0.680460  3
0.189955  -0.539094  1
-0.043128  -0.299654  2
0.237482  0.790107  0
0.974238  0.197851  2
0.234130  -0.037582  3
0.176642  0.602550  0
0.971401  -0.170910  3
-0.570038  0.558889  0
0.596744  0.218239  1
-0.508660  -0.598531  1
0.236505  0.451536  1
-0.371512  -0.411723  0
-0.002213  -0.174338  2
0.659912  0.401916  1
0.910142  -0.428495  0
0.082376  0.100097  2
0.032410  -0.960752  3
0.800443  -0.730108  1
0.829355  0.774681  0
0.467744  0.063485  1
-0.262901  -0.355615  0
-0.333966  -0.291500  0
0.473475  0.095996  1
-0.732612  0.070219  3
-0.685765  -0.241272  0
0.471688  0.550740  0
-0.789736  -0.899824  2
-0.860982  0.208051  3
-0.074161  0.798930  3
-0.390033  -0.164020  0
-0.629566  0.692343  0
0.936078  0.402844  1
0.731591  0.736521  0
0.672737  0.560946  0
0.511202  0.140480  1
-0.375569  -0.751699  1
0.784865  0.290465  1
-0.043200  0.258341  3
-0.613539  0.224188  1
-0.671440  -0.299303  0
0.982917  0.800248  2
-0.748563  -0.806819  1
0.900424  -0.609545  1
0.401233  -0.173737  0
-0.810616  -0.988800  2
0.662243  -0.440182  0
0.703543  0.598321  0
0.962663  0.435134  2
0.334842  0.635399  0
-0.003920  -0.153957  2
-0.224121  0.620511  0
0.094344  -0.439256  0
-0.089024  -0.948856  2
0.819085  0.297437  1
0.275333  -0.852355  1
0.998134  0.258250  2
0.947893  -0.750429  3
0.451431  0.848317  0
-0.359975  -0.147336  0
-0.325420  -0.170590  0
-0.136137  -0.663177  1
0.389228  -0.432594  0
0.935143  0.351891  2
-0.997460  0.269985  3
-0.012710  -0.001379  2
-0.883972  0.763169  3
-0.380869  0.210373  1
-0.676086  0.530107  0
0.261517  -0.857001  1
-0.172455  -0.463151  0
-0.709356  -0.174321  0
0.795099  -0.761464  1
0.075250  0.246530  2
-0.913147  0.715275  3
-0.900807  -0.238567  2
-0.455315  -0.036943  2
0.098256  0.933913  2
0.530463  0.033399  2
0.285803  0.533004  0
-0.696616  -0.726907  1
-0.468376  -0.580588  1
-0.963737  0.150756  3
0.629785  -0.639824  1
-0.319137  -0.108698  0
-0.496825  0.508408  0
0.428151  -0.206181  0
-0.665913  0.223250  1
0.032355  0.409336  2
-0.530220  0.119209  1
0.124611  -0.431027  0
0.880641  0.669296  0
0.532030  -0.021103  3
0.603209  0.062494  2
-0.987704  -0.110988  2
-0.404503  -0.684320  1
0.162106  0.127121  2
-0.264908  0.198368  1
-0.722123  -0.635122  1
0.558544  -0.041260  3
0.256179  -0.938280  3
-0.532852  -0.315670  0
-0.144462  -0.198765  2
0.907580  0.887894  2
-0.789429  -0.622640  1
0.007102  0.335182  2
-0.053666  -0.112256  2
0.004479  -0.521636  3
0.866641  -0.392313  0
0.540858  0.878937  0
0.496700  -0.863645  1
-0.805383  -0.341195  0
0.263476  -0.070291  3
0.857173  0.541353  0
0.294587  0.415718  1
-0.499907  -0.449234  0
0.477437  -0.032760  3
0.235096  -0.667024  1
0.768475  0.142677  1
-0.779131  0.979046  3
0.520037  0.227972  1
0.314228  -0.533629  1
-0.884284  -0.681293  1
-0.055265  0.982356  3
-0.073606  -0.514407  1
0.861293  -0.576906  1
-0.378052  -0.944090  2
0.081899  0.885424  2
-0.014381  -0.060927  2
0.426777  -0.719794  1
-0.645210  0.926869  3
-0.169028  0.832228  3
-0.105890  -0.933932  2
-0.834797  -0.337415  0
0.208745  -0.613927  1
-0.358369  -0.271218  0
0.614045  0.955859  2
0.195153  0.729760  0
-0.725434  -0.860111  1
0.712117  0.200961  1
-0.374518  0.573410  0
0.624055  0.247430  1
0.629320  -0.294046  0
0.132854  -0.385061  0
0.645027  -0.440369  0
-0.104855  0.999817  3
-0.513500  0.726116  0
0.832045  0.380610  1
0.792184  0.997248  2
-0.956805  0.000929  3
-0.616679  -0.315175  0
0.729711  0.997366  2
-0.359316  -0.075135  2
0.727126  -0.084750  3
0.064754  0.439243  1
-0.883789  0.690235  0
0.012653  0.740265  2
-0.062335  -0.358027  2
-0.553781  -0.929481  1
0.256912  -0.908754  3
-0.369850  -0.847944  1
-0.908937  0.116650  3
0.878173  0.923108  2
-0.502740  0.670357  0
0.920356  -0.459546  0
-0.328713  -0.696323  1
0.225280  -0.599002  1
-0.698957  0.865964  0
0.325863  -0.971831  3
-0.218786  -0.609384  1
0.467412  -0.102575  0
-0.919148  -0.519935  1
-0.362310  0.018517  3
0.122037  0.083910  2
0.089036  -0.621051  1
0.175156  0.719186  0
-0.468994  0.266219  1
-0.164164  -0.590822  1
0.189327  0.333096  1
-0.920464  0.109683  3
0.873550  -0.249178  3
0.413360  0.098830  1
0.151820  0.714403  0
-0.035207  -0.522317  2
0.742572  0.746008  0
-0.131701  0.209984  3
-0.356567  -0.050849  2
0.690049  0.281123  1
0.967668  -0.187914  3
-0.634967  0.056704  3
0.191035  0.540189  0
-0.224110  0.722041  0
-0.193592  0.611726  0
-0.868781  0.995735  3
-0.055178  -0.789245  2
0.105418  -0.181628  3
-0.038423  -0.481222  2
0.917201  -0.886603  3
-0.766819  -0.118005  2
-0.408921  0.975753  3
-0.371998  0.459378  1
0.185737  0.271435  1
-0.591471  -0.124214  0
-0.447442  -0.623802  1
0.687872  -0.082409  3
0.432902  -0.121093  0
-0.542220  -0.791208  1
-0.399052  0.264188  1
0.820518  -0.267833  0
0.259923  -0.234660  0
-0.057078  -0.634660  2
0.583712  0.904498  0
-0.115882  0.500913  0
-0.982105  0.117299  3
-0.617092  -0.391026  0
0.093052  0.010910  2
-0.931647  -0.721211  2
-0.717655  -0.523118  1
0.154575  -0.165097  3
-0.146920  -0.157554  2
0.752494  -0.714018  1
0.721353  -0.789726  1
-0.505226  -0.677699  1
0.474462  -0.684708  1
0.054468  -0.265615  3
0.080632  0.997390  2
0.099725  -0.335656  0
0.901888  0.983843  2
-0.834743  0.919783  3
0.101142  -0.451836  0
-0.471242  -0.805806  1
0.559074  -0.402889  0
-0.527017  0.841419  0
0.073993  0.627558  0
-0.323678  0.927073  3
-0.529996  -0.571184  1
-0.786945  -0.808643  1
-0.360910  -0.292171  0
-0.486342  -0.886448  1
0.023121  0.568127  2
-0.152063  -0.896247  2
0.565517  0.947662  2
-0.231903  0.467405  1
0.931505  -0.066647  3
0.387188  0.032647  2
0.481518  0.915946  0
0.226841  0.040591  2
-0.486943  0.699824  0
-0.117990  0.587050  0
0.327382  0.558332  0
0.514124  0.797386  0
0.987147  0.727178  2
0.988743  -0.373763  3
-0.564993  -0.497599  0
-0.260211  0.458128  1
-0.929472  0.587726  0
0.561881  0.636044  0
0.535387  -0.670022  1
0.103449  0.466892  1
0.263331  -0.509362  1
-0.500460  -0.255151  0
-0.593416  0.726381  0
0.785440  -0.080359  3
0.426205  -0.332550  0
-0.493308  -0.246413  0
-0.774218  -0.979185  2
-0.449027  -0.787070  1
0.747993  -0.460285  0
-0.160833  -0.816999  2
0.042116  0.578956  2
0.641129  0.112644  1
0.166682  0.203009  1
-0.251312  -0.297931  0
0.532987  0.852138  0
-0.831038  -0.203682  0
-0.657225  -0.331499  0
0.541167  -0.250641  0
-0.605118  0.326607  1
0.669001  0.821087  0
0.994058  -0.824308  3
-0.425326  -0.780160  1
-0.803492  0.125647  3
-0.567231  0.944501  3
0.665362  0.271936  1
-0.872498  -0.292522  0
-0.149108  0.768630  0
0.820122  -0.982426  3
-0.028360  -0.431190  2
-0.280357  -0.495373  0
-0.579052  -0.111396  0
0.300945  -0.236277  0
0.557105  -0.157888  0
0.513082  0.951987  2
-0.831281  0.182083  3
0.773074  -0.837223  1
0.357776  -0.652252  1
-0.617384  0.554283  0
0.473395  -0.184615  0
0.498784  0.138757  1
-0.912679  0.626286  0
0.846235  -0.061787  3
0.394916  0.666357  0
-0.044213  -0.633445  2
-0.764833  0.675430  0
-0.128818  -0.343886  0
-0.435966  -0.827873  1
0.419837  -0.878860  1
0.014239  -0.067081  3
-0.926873  0.182958  3
-0.884997  0.846201  3
0.345734  0.472778  1
-0.806050  0.728351  0
0.027061  0.667345  2
-0.456264  -0.474155  0
-0.193898  -0.368943  0
-0.847869  -0.347664  0
0.569271  0.547047  0
-0.681307  -0.474942  0
0.913602  -0.446141  0
-0.799512  -0.215215  0
0.209974  -0.235478  0
-0.043088  -0.370189  2
-0.114339  0.971151  3
0.562730  -0.041212  3
0.154109  0.677733  0
-0.195011  -0.500157  1
0.150511  -0.001061  3
-0.771806  -0.822428  1
-0.333716  -0.228070  0
-0.296583  0.472385  1
0.402987  -0.144451  0
-0.875278  -0.027742  2
-0.597404  -0.556586  1
0.497316  -0.683802  1
-0.002726  0.697803  3
0.100983  -0.792753  3
-0.537675  -0.942105  1
-0.162942  0.347987  1
-0.970955  -0.600212  2
-0.693225  0.183154  1
-0.922480  0.111764  3
0.682997  0.228031  1
-0.889297  0.911191  3
0.405603  -0.223013  0
-0.316880  -0.890979  1
-0.750628  -0.913893  2
-0.035430  -0.625906  2
0.058365  0.367165  2
-0.182492  -0.444319  0
0.683363  0.814782  0
-0.746516  -0.215654  0
-0.977971  -0.284191  2
-0.157759  -0.140913  2
-0.936204  -0.128714  2
0.258875  -0.629429  1
-0.945560  0.336395  3
0.482335  0.737437  0
-0.435573  0.593039  0
0.648627  0.970030  2
-0.629974  -0.668253  1
-0.920949  -0.380602  0
-0.582145  0.043620  3
-0.006508  0.476219  3
-0.589214  0.811000  0
-0.968100  -0.905851  2
0.625782  -0.714616  1
-0.121505  0.647811  0
0.001193  0.720736  2
-0.493102  0.064989  1
-0.407978  0.765773  0
0.435560  -0.353538  0
0.102168  -0.082105  3
-0.616102  0.666595  0
-0.489066  -0.967474  2
0.636625  -0.119041  0
-0.635727  0.715676  0
0.500357  -0.217872  0
-0.240704  -0.506151  1
-0.741653  0.170082  1
-0.695151  -0.709753  1
0.264231  0.930631  2
-0.424369  -0.857274  1
0.578441  0.576824  0
0.863462  -0.914661  3
-0.358187  -0.544516  1
0.851112  -0.922628  3
0.101946  -0.046720  3
-0.004733  0.485844  3
-0.380125  0.506201  0
0.518370  -0.743501  1
-0.612840  0.882643  0
0.972175  0.887517  2
-0.335229  -0.268529  0
-0.618634  -0.076882  0
0.901553  -0.313785  0
0.213365  0.165784  1
-0.383154  0.788996  0
0.308510  -0.804713  1
0.365819  0.171972  1
-0.719373  -0.992368  2
0.627456  -0.868261  1
-0.914996  -0.270598  2
0.085018  0.080271  2
-0.784754  0.704893  0
-0.413528  0.733616  0
0.961392  -0.026368  3
0.616259  0.933567  2
-0.138850  -0.718970  1
-0.334961  0.242516  1
0.204148  -0.433408  0
0.928732  -0.582487  1
0.732376  -0.454423  0
-0.793492  0.040886  3
-0.259135  0.572327  0
-0.787142  0.021491  3
0.579959  0.840315  0
0.153230  0.664963  0
-0.430283  -0.761752  1
-0.254766  -0.215037  0
0.943141  0.331707  2
-0.481421  0.904534  0
-0.694661  -0.865162  1
0.838101  0.166489  2
-0.584132  -0.496860  0
-0.590995  0.620015  0
0.069732  -0.662264  3
-0.962472  -0.197892  2
-0.116686  -0.755964  2
0.842994  0.624179  0
0.816364  -0.944147  3
-0.354330  0.396323  1
0.896168  0.798900  2
0.061286  -0.534116  1
-0.962852  0.806521  3
0.250847  0.980290  2
0.138227  0.769425  2
0.884823  0.443566  1
0.904263  0.722925  2
-0.389945  -0.679869  1
-0.773935  0.019060  3
0.940146  0.295796  2
0.356796  0.977674  2
-0.902095  -0.759890  2
-0.778289  0.940899  3
0.864288  -0.961926  3
0.996752  -0.490042  3
0.434397  0.892919  0
-0.691142  -0.504317  1
-0.641197  -0.653994  1
-0.697796  0.609650  0
-0.673704  0.440432  1
0.379076  -0.788881  1
-0.116002  0.283339  1
0.934044  0.494053  1
0.603470  -0.839892  1
-0.486888  0.543616  0
0.455905  0.869908  0
0.521290  0.553809  0
-0.889982  0.743001  3
0.494708  0.974306  2
0.781075  0.491460  1
-0.515736  0.215472  1
0.384379  -0.206878  0
0.711156  0.743183  0
0.139128  -0.986640  3
0.352833  0.465424  1
0.453791  -0.268092  0
0.676543  -0.662211  1
-0.984753  0.610587  3
0.831842  0.618717  0
0.770695  -0.655046  1
0.162333  0.226600  1
-0.785138  -0.316377  0
-0.219591  -0.675120  1
-0.573377  -0.724883  1
-0.700814  -0.792302  1
0.766577  -0.216551  0
0.423171  0.150957  1
0.576571  0.134326  1
-0.105861  -0.284301  2
0.147686  -0.753028  1
-0.818878  -0.398523  0
-0.021120  0.857665  3
-0.060734  -0.005873  2
0.468252  -0.228892  0
-0.387157  0.238947  1
0.116062  0.775176  2
-0.534453  0.330925  1
-0.541201  0.245956  1
0.655805  -0.114578  0
0.521073  0.954990  2
0.093120  0.287651  2
-0.261560  -0.483709  0
-0.561393  -0.684989  1
0.650617  0.332746  1
0.030710  -0.201697  3
0.579718  0.211832  1
0.399780  -0.441402  0
0.069497  -0.660953  3
0.552724  -0.462251  0
0.110155  -0.834432  3
0.776695  -0.773783  1
0.940744  -0.757758  3
0.557142  -0.600458  1
0.488198  0.212947  1
0.284964  0.009272  2
0.167937  -0.621916  1
-0.703078  0.906377  3
-0.105625  -0.264470  2
-0.778613  -0.455008  0
-0.931724  0.252097  3
0.343295  0.647994  0
-0.536071  -0.256925  0
-0.793409  0.533426  0
0.082122  0.759316  2
-0.928826  -0.807723  2
0.924883  0.847870  2
-0.581506  0.865627  0
-0.909888  0.975636  3
-0.734831  0.578310  0
0.188583  0.550133  0
-0.412418  -0.643481  1
0.928217  -0.115496  3
-0.737104  -0.177408  0
0.620034  -0.515716  1
0.367584  0.688310  0
0.736380  -0.289121  0
0.336303  -0.799691  1
0.453954  0.542894  0
0.733735  -0.463924  0
0.302210  0.804909  0
-0.271647  0.227093  1
0.652779  0.146847  1
0.092720  0.742891  2
0.122483  0.357889  1
0.321202  -0.688935  1
-0.091978  0.908783  3
-0.332415  -0.163760  0
-0.206712  -0.069519  2
0.658832  -0.586679  1
0.414764  0.026416  2
-0.898369  0.151145  3
0.737296  0.437934  1
0.351454  0.191250  1
-0.019172  0.085189  3
0.727327  -0.716962  1
-0.109902  -0.544321  1
0.510132  -0.457122  0
0.602526  -0.397148  0
-0.714231  -0.274991  0
0.960742  0.606970  2
0.036074  -0.131236  3
0.515754  0.703659  0
0.705003  -0.690959  1
-0.365861  0.363835  1
-0.277637  -0.951096  2
-0.609748  -0.176006  0
0.200049  -0.872452  3
-0.738072  -0.448497  0
0.318798  0.242756  1
0.636692  0.046125  2
0.525794  -0.473210  0
0.501804  0.035926  2
0.069668  0.104330  2
0.638778  0.355437  1
0.829339  0.599520  0
-0.037593  -0.134587  2
-0.531716  -0.521839  1
-0.430929  -0.826713  1
-0.212798  0.203211  1
0.537122  0.509565  0
0.252114  0.927374  2
-0.666441  -0.547837  1
-0.945078  -0.404514  2
0.003666  0.373720  2
0.838242  -0.359642  0
-0.580155  0.364036  1
0.167148  0.921649  2
-0.600037  -0.763184  1
0.025978  -0.961259  3
0.592252  -0.144683  0
0.638260  -0.445341  0
0.720730  -0.893456  3
0.032820  -0.710199  3
-0.720169  0.820022  0
0.493011  0.816953  0
0.329587  -0.254874  0
0.744328  0.663146  0
0.197289  0.799250  0
-0.741368  -0.799046  1
0.172970  -0.903126  3
-0.158688  0.592814  0
0.460911  -0.991540  3
0.514463  0.860873  0
-0.754724  -0.459559  0
0.899614  0.837528  2
0.395758  0.537875  0
-0.607812  0.116488  1
0.644419  0.425008  1
0.406288  0.924249  0
0.245030  -0.100700  3
0.741203  -0.425382  0
0.644425  0.485530  1
-0.762236  -0.158286  0
0.284780  -0.503604  1
0.042668  -0.542251  3
-0.406730  0.883980  0
-0.949436  -0.945819  2
0.892440  0.565026  0
0.915054  -0.862284  3
-0.894533  0.814668  3
0.975244  0.501226  2
0.352543  -0.632568  1
-0.382287  -0.003039  2
0.792440  -0.975998  3
-0.078789  0.037470  3
-0.076699  -0.337587  2
0.612088  -0.432274  0
-0.852056  0.849852  3
0.409440  0.432723  1
-0.653753  -0.547891  1
0.890473  -0.060483  3
-0.663911  0.941036  3
-0.006302  -0.771471  2
0.506063  -0.091248  0
-0.633755  0.611530  0
-0.276580  -0.658510  1
0.112756  -0.924037  3
-0.291078  0.730469  0
0.072924  -0.498638  0
0.754470  0.994135  2
0.538832  -0.322229  0
-0.343452  0.150921  1
0.245498  -0.195508  0
0.000772  -0.345062  3
-0.762785  0.347020  1
0.107047  -0.872312  3
-0.713463  0.443135  1
-0.931276  0.280235  3
0.671665  0.574787  0
-0.811012  -0.962090  2
0.186317  -0.087592  3
-0.620600  -0.700928  1
-0.011629  0.088321  3
-0.970459  -0.938705  2
0.589683  0.784011  0
-0.944570  0.128516  3
-0.538217  -0.288022  0
-0.720564  0.707281  0
0.516470  0.280209  1
-0.637781  0.753686  0
-0.372771  0.469266  1
0.881374  -0.086234  3
-0.087599  0.950098  3
-0.805999  -0.415934  0
0.524885  -0.617011  1
-0.378024  -0.288798  0
0.295397  0.001376  2
0.010274  -0.716233  3
-0.910303  0.039816  3
-0.654938  0.679380  0
-0.176173  -0.599508  1
-0.192104  0.285610  1
0.112471  0.087332  2
-0.007109  -0.371059  2
-0.632459  0.355110  1
-0.617374  -0.005231  2
-0.175624  -0.736000  1
0.908535  0.736777  2
-0.785902  -0.897463  2
-0.679157  0.738983  0
-0.514474  -0.057181  0
-0.549815  0.780922  0
0.944194  0.460459  1
-0.935310  -0.966109  2
-0.499725  -0.590248  1
0.713272  0.324102  1
-0.189755  -0.478833  0
-0.390288  0.922715  0
0.608500  0.602603  0
-0.448344  0.976040  3
-0.042287  -0.065718  2
-0.029190  0.782088  3
0.198282  -0.120655  3
0.518865  0.412381  1
-0.018119  0.839708  3
0.151364  0.467407  1
-0.217473  0.601549  0
0.248329  -0.273279  0
0.062008  0.313019  2
-0.239387  0.562283  0
0.722772  -0.526116  1
-0.113616  -0.466984  0
-0.004948  0.496096  3
-0.544269  -0.396449  0
0.098699  0.007387  2
-0.420408  -0.943588  2
0.941670  0.550401  0
0.838500  0.139952  2
-0.570254  0.357365  1
-0.447667  0.411627  1
0.197073  0.703696  0
-0.120966  0.979600  3
0.305245  -0.872636  1
-0.293679  -0.632747  1
0.440383  0.466934  1
0.929535  0.163154  2
0.940818  -0.184080  3
0.696170  -0.064130  3
-0.687984  -0.848098  1
0.539421  0.410715  1
0.159289  -0.880987  3
0.467127  0.100959  1
0.669414  0.305627  1
-0.759089  -0.900841  2
-0.337008  -0.206756  0
0.510787  0.860065  0
-0.503059  -0.610179  1
0.839664  0.802186  2
-0.482816  -0.454015  0
-0.830561  0.957567  3
-0.987081  -0.901026  2
0.120721  0.953737  2
-0.085106  -0.183108  2
-0.110393  0.226910  3
-0.031206  -0.570972  2
-0.362375  -0.871917  1
-0.451959  -0.895248  1
0.229042  -0.782546  1
0.410379  0.469953  1
-0.683386  -0.926630  2
-0.736802  0.827400  0
0.933435  -0.239861  3
-0.782779  0.773099  0
-0.437676  -0.265595  0
-0.680916  -0.268237  0
-0.308028  -0.667997  1
-0.169263  0.812693  3
-0.714259  0.745631  0
-0.370415  0.175348  1
-0.027459  0.598379  3
0.604376  0.610166  0
0.726461  -0.847583  1
0.714919  -0.044497  3
-0.630129  0.125297  1
-0.574543  -0.313515  0
0.198668  -0.311345  0
-0.486115  0.132103  1
0.448793  -0.268894  0
-0.094798  -0.988883  2
0.465511  0.224286  1
-0.257120  -0.842516  1
0.556290  0.573617  0
0.970177  0.842030  2
0.319248  -0.400238  0
0.017378  -0.708211  3
-0.801859  -0.378246  0
0.901956  0.924602  2
-0.225830  0.616875  0
-0.119894  0.144041  3
-0.257828  0.305562  1
0.830526  0.940840  2
0.994217  -0.655589  3
0.072942  0.443010  1
0.075517  0.978144  2
0.454128  -0.458971  0
0.202430  -0.802992  1
-0.301488  -0.241280  0
0.770625  -0.331311  0
-0.399250  0.089874  1
0.268452  0.618128  0
0.381663  0.466592  1
-0.760118  0.283619  1
0.391195  0.014053  2
-0.099506  -0.728700  2
-0.841906  0.642666  0
0.576863  0.988620  2
0.583506  0.571080  0
-0.666969  -0.343552  0
0.014090  0.408548  2
-0.365408  -0.531782  1
0.949577  0.837023  2
-0.334774  -0.351911  0
-0.404257  -0.564149  1
0.316779  0.196493  1
0.525725  -0.414770  0
-0.185379  -0.092611  2
-0.948177  0.054503  3
-0.808992  0.443017  1
-0.931445  0.091502  3
0.714318  -0.773351  1
-0.265832  0.291180  1
-0.784731  -0.682326  1
